[gd_scene load_steps=10 format=2]

[ext_resource path="res://Prefabs/Items/Item_Tree.tscn" type="PackedScene" id=1]
[ext_resource path="res://Prefabs/Prefab_SkyClock.tscn" type="PackedScene" id=2]
[ext_resource path="res://Prefabs/Items/Item_TallRock.tscn" type="PackedScene" id=3]
[ext_resource path="res://Prefabs/Terrain.tscn" type="PackedScene" id=4]
[ext_resource path="res://Prefabs/Items/Item_FlatRock.tscn" type="PackedScene" id=5]
[ext_resource path="res://Prefabs/Items/Item_Hedge.tscn" type="PackedScene" id=6]
[ext_resource path="res://ItemManager.gd" type="Script" id=7]
[ext_resource path="res://Spawner.gd" type="Script" id=8]
[ext_resource path="res://Prefabs/placeholder_SpawnLocation.tscn" type="PackedScene" id=9]

[node name="Assets" type="Node"]

[node name="Spawner" type="Node" parent="."]
script = ExtResource( 8 )
difficultyLevel = 0.85
wecker_radius = 20

[node name="SpawnTimer" type="Timer" parent="Spawner"]

[node name="SpawnLocations" type="Node" parent="Spawner"]

[node name="SpawnLocation1" parent="Spawner/SpawnLocations" instance=ExtResource( 9 )]
transform = Transform( 0.625973, -0.0398984, 0.778824, 0.0636092, 0.997975, 5.70838e-09, -0.777247, 0.0495403, 0.627243, -20.0401, -8.1359, -11.1139 )

[node name="SpawnLocation2" parent="Spawner/SpawnLocations" instance=ExtResource( 9 )]
transform = Transform( 0.75116, -0.202186, 0.628395, 0.170381, 0.979067, 0.111348, -0.637753, 0.0234271, 0.769884, -85.5403, 46.3882, 42.9848 )

[node name="SpawnLocation3" parent="Spawner/SpawnLocations" instance=ExtResource( 9 )]
transform = Transform( 0.309378, 0.414434, -0.85588, 0.197042, 0.852565, 0.484054, 0.930301, -0.3184, 0.182104, -104.82, 5.51801, 68.466 )

[node name="SpawnLocation4" parent="Spawner/SpawnLocations" instance=ExtResource( 9 )]
transform = Transform( -0.917587, -0.0264867, 0.396651, 0.00469087, 0.996987, 0.0774263, -0.397506, 0.072906, -0.914698, 51.1569, -4.34403, 50.7986 )

[node name="SpawnLocation5" parent="Spawner/SpawnLocations" instance=ExtResource( 9 )]
transform = Transform( 0.0083212, -0.220745, 0.975296, 0.199358, 0.956117, 0.214703, -0.979891, 0.192647, 0.0519634, -66.2937, 39.4132, 102.495 )

[node name="SpawnLocation6" parent="Spawner/SpawnLocations" instance=ExtResource( 9 )]
transform = Transform( 0.745532, 0.0758083, 0.662144, 0.0442029, 0.985698, -0.162621, -0.665002, 0.150508, 0.731518, -126.259, 57.6173, 89.7895 )

[node name="SpawnLocation7" parent="Spawner/SpawnLocations" instance=ExtResource( 9 )]
transform = Transform( -0.91254, -0.0287232, -0.407977, 0.0380397, 0.987246, -0.154591, 0.407214, -0.15659, -0.899809, 108.74, 50.7579, 58.012 )

[node name="SpawnLocation8" parent="Spawner/SpawnLocations" instance=ExtResource( 9 )]
transform = Transform( -0.995806, -0.0656769, 0.0636953, -0.0648983, 0.99779, 0.0142194, -0.0644885, 0.0100261, -0.997868, 60.2556, 62.6863, 8.24628 )

[node name="SpawnLocation27" parent="Spawner/SpawnLocations" instance=ExtResource( 9 )]
transform = Transform( -0.993063, 0.0835901, 0.0826995, 0.0932187, 0.988339, 0.120395, -0.0716715, 0.127269, -0.989275, -9.20981, 77.7946, 15.8208 )

[node name="SpawnLocation24" parent="Spawner/SpawnLocations" instance=ExtResource( 9 )]
transform = Transform( 0.108909, -0.102357, 0.988767, 0.0516645, 0.993923, 0.0972001, -0.992708, 0.0404982, 0.113536, 94.9809, 9.19567, 62.9104 )

[node name="SpawnLocation26" parent="Spawner/SpawnLocations" instance=ExtResource( 9 )]
transform = Transform( -0.921318, 0.0849944, -0.379405, 0.0895708, 0.995965, 0.00560889, 0.378351, -0.0288159, -0.925213, 195.244, 30.2369, 33.7373 )

[node name="SpawnLocation9" parent="Spawner/SpawnLocations" instance=ExtResource( 9 )]
transform = Transform( 0.729229, 0.0794266, 0.679644, 0.0442029, 0.985698, -0.162621, -0.682841, 0.14863, 0.715288, -174.181, 27.4738, 65.7711 )

[node name="SpawnLocation10" parent="Spawner/SpawnLocations" instance=ExtResource( 9 )]
transform = Transform( 0.160193, -0.00710564, -0.98706, 0.0692629, 0.99759, 0.00405946, 0.984653, -0.0690169, 0.160299, -158.099, 60.0492, -23.883 )

[node name="SpawnLocation11" parent="Spawner/SpawnLocations" instance=ExtResource( 9 )]
transform = Transform( 0.998147, -0.0497842, 0.0349833, 0.0531902, 0.993119, -0.104338, -0.0295482, 0.106005, 0.993926, -165.016, 49.2187, 5.07725 )

[node name="SpawnLocation12" parent="Spawner/SpawnLocations" instance=ExtResource( 9 )]
transform = Transform( 0.832932, -0.101758, -0.543938, 0.0531902, 0.993119, -0.104338, 0.550812, 0.0579743, 0.832613, -89.4835, -1.23305, -43.973 )

[node name="SpawnLocation13" parent="Spawner/SpawnLocations" instance=ExtResource( 9 )]
transform = Transform( -0.752588, 0.214418, 0.622604, 0.0966089, 0.971223, -0.2177, -0.651366, -0.103689, -0.751646, -96.9269, 0.283556, 31.4455 )

[node name="SpawnLocation14" parent="Spawner/SpawnLocations" instance=ExtResource( 9 )]
transform = Transform( 0.662647, -0.0802295, -0.744621, 0.227321, 0.968886, 0.0979025, 0.713599, -0.234143, 0.660268, -21.0553, -6.73683, 117.501 )

[node name="SpawnLocation25" parent="Spawner/SpawnLocations" instance=ExtResource( 9 )]
transform = Transform( -0.10254, 0.12379, -0.986996, 0.227321, 0.968886, 0.0979025, 0.968406, -0.214326, -0.127489, 14.011, -7.49884, 161.304 )

[node name="SpawnLocation15" parent="Spawner/SpawnLocations" instance=ExtResource( 9 )]
transform = Transform( 0.582368, -0.322713, -0.746125, 0.277658, 0.941594, -0.19054, 0.764038, -0.0962034, 0.637958, 101.441, -0.515724, 133.061 )

[node name="SpawnLocation16" parent="Spawner/SpawnLocations" instance=ExtResource( 9 )]
transform = Transform( -0.746627, 0.2159, 0.629234, 0.193294, 0.975469, -0.105343, -0.636542, 0.0429747, -0.770044, 158.307, -8.87047, -88.6863 )

[node name="SpawnLocation17" parent="Spawner/SpawnLocations" instance=ExtResource( 9 )]
transform = Transform( 0.46031, -0.135731, -0.87732, 0.35101, 0.935541, 0.0394279, 0.815417, -0.326097, 0.478282, 193.332, 17.2696, -46.9832 )

[node name="SpawnLocation18" parent="Spawner/SpawnLocations" instance=ExtResource( 9 )]
transform = Transform( -0.579304, 0.0514689, 0.813485, 0.109059, 0.993925, 0.0147786, -0.807783, 0.0972795, -0.581398, 57.2414, -7.31763, -69.3455 )

[node name="SpawnLocation19" parent="Spawner/SpawnLocations" instance=ExtResource( 9 )]
transform = Transform( -0.127733, 0.101409, -0.98661, 0.145001, 0.98598, 0.0825718, 0.981152, -0.132513, -0.140647, 89.0066, 11.9912, -146.746 )

[node name="SpawnLocation23" parent="Spawner/SpawnLocations" instance=ExtResource( 9 )]
transform = Transform( -0.884112, 0.166582, -0.436574, 0.145001, 0.98598, 0.0825718, 0.444209, 0.00969827, -0.89587, -18.5107, 17.1004, -170.778 )

[node name="SpawnLocation20" parent="Spawner/SpawnLocations" instance=ExtResource( 9 )]
transform = Transform( -0.64024, 0.0804296, -0.763952, -0.0142298, 0.993091, 0.116479, 0.768043, 0.0854456, -0.634673, 40.7983, 12.1752, -136.935 )

[node name="SpawnLocation21" parent="Spawner/SpawnLocations" instance=ExtResource( 9 )]
transform = Transform( -0.855797, 0.0885495, 0.509677, 0.0560504, 0.995313, -0.0788081, -0.514266, -0.0388762, -0.856749, -58.7317, 30.5612, -114.271 )

[node name="SpawnLocation22" parent="Spawner/SpawnLocations" instance=ExtResource( 9 )]
transform = Transform( 0.915055, -0.202949, 0.348549, 0.172393, 0.978066, 0.116908, -0.36463, -0.0468898, 0.929971, -157.053, 31.4194, -91.4813 )

[node name="SpawnLocation28" parent="Spawner/SpawnLocations" instance=ExtResource( 9 )]
transform = Transform( -0.726476, 0.152127, -0.670142, 0.179377, 0.98336, 0.0287728, 0.663368, -0.0993054, -0.741675, -172.449, 32.968, -47.4522 )

[node name="Player_Spawn" type="Spatial" parent="."]
transform = Transform( 0.826393, -0.281547, -0.487653, 0, 0.866025, -0.5, 0.563093, 0.413197, 0.715677, 11.4077, -4.5, 22.628 )

[node name="Boden" type="Node" parent="."]

[node name="Terrain" parent="Boden" instance=ExtResource( 4 )]
transform = Transform( 9, 0, 0, 0, 9, 0, 0, 0, 9, 0.136251, -5.01662, -0.0547159 )

[node name="Items" type="Spatial" parent="."]
transform = Transform( 1, 0, 0, 0, 1, 0, 0, 0, 1, 0, -5, 0 )
script = ExtResource( 7 )

[node name="rock_pillar_4" type="Spatial" parent="Items"]
transform = Transform( -0.485633, -0.364762, -0.794424, -0.0608584, 0.920685, -0.385532, 0.872042, -0.13888, -0.469314, 107.475, 1.58297, 94.34 )

[node name="Item_FlatRock57" parent="Items/rock_pillar_4" instance=ExtResource( 5 )]
transform = Transform( 5.42222, 0, 9.24135, 0, 9, 0, -6.54596, 0, 7.6549, -0.420551, -1.26009, 0.245941 )

[node name="Item_FlatRock58" parent="Items/rock_pillar_4" instance=ExtResource( 5 )]
transform = Transform( 6.4838, -5.58794e-09, -5.22223, 0, 5.94183, 1.78814e-07, 5.22223, 0, 6.4838, 0.940956, 4.5436, 0.11195 )

[node name="Item_FlatRock59" parent="Items/rock_pillar_4" instance=ExtResource( 5 )]
transform = Transform( 7.52299, 0, -0.218949, -8.9407e-08, 5.18035, 0, 0.218949, -2.38419e-07, 7.52299, 0.86467, 10.6999, -0.311768 )

[node name="Item_FlatRock60" parent="Items/rock_pillar_4" instance=ExtResource( 5 )]
transform = Transform( 4.52395, -0.00826946, 4.763, 0.063067, 5.17999, -0.0454403, -4.7626, 0.0607391, 4.52375, 0.696808, 15.5596, -0.485031 )

[node name="Item_FlatRock61" parent="Items/rock_pillar_4" instance=ExtResource( 5 )]
transform = Transform( 4.76082, 0, 0.637348, 0, 5.18035, 0, -0.637348, 0, 4.76082, 0.730499, 20.1826, -0.665741 )

[node name="Item_FlatRock62" parent="Items/rock_pillar_4" instance=ExtResource( 5 )]
transform = Transform( 2.15651, 0, 2.99912, 0, 3.69395, 0, -2.99912, 0, 2.15651, 0.150879, 24.0926, -2.23488 )

[node name="Item_FlatRock63" parent="Items/rock_pillar_4" instance=ExtResource( 5 )]
transform = Transform( 1.55892, 0, 0.475569, 0, 3.74421, 0, -0.475569, 0, 1.55892, -0.634499, 27.2364, -1.63293 )

[node name="Item_FlatRock64" parent="Items/rock_pillar_4" instance=ExtResource( 5 )]
transform = Transform( 1.7806, 0, 1.87465, 0, 3.69395, 0, -1.87465, 0, 1.7806, -0.695175, 30.7083, -1.71355 )

[node name="Item_FlatRock65" parent="Items/rock_pillar_4" instance=ExtResource( 5 )]
transform = Transform( 2.78418, 0, 0.372727, 0, 3.69395, 0, -0.372727, 0, 2.78418, -0.671585, 34.0048, -1.84245 )

[node name="Item_FlatRock66" parent="Items/rock_pillar_4" instance=ExtResource( 5 )]
transform = Transform( 4.50029, 0, 3.87223, 0, 4.65982, 0, -3.87223, 0, 4.50029, -0.0464172, 37.9133, -2.25346 )

[node name="Item_FlatRock67" parent="Items/rock_pillar_4" instance=ExtResource( 5 )]
transform = Transform( 7.43676, 0, -0.401856, 0, 4.5674, 0, 0.401856, 0, 7.43676, -0.885025, 42.0253, -2.12048 )

[node name="rock_pillar_6" type="Spatial" parent="Items"]
transform = Transform( 0.86452, 0, 0.502598, -0.0330115, 0.99784, 0.0567833, -0.501512, -0.0656817, 0.862654, 12.5988, -6.8707, 145.443 )

[node name="Item_FlatRock57" parent="Items/rock_pillar_6" instance=ExtResource( 5 )]
transform = Transform( 5.42222, 0, 9.24135, 0, 9, 0, -6.54596, 0, 7.6549, -0.420551, -1.26009, 0.245941 )

[node name="Item_FlatRock58" parent="Items/rock_pillar_6" instance=ExtResource( 5 )]
transform = Transform( 6.4838, -5.58794e-09, -5.22223, 0, 5.94183, 1.78814e-07, 5.22223, 0, 6.4838, 0.940956, 4.5436, 0.11195 )

[node name="Item_FlatRock59" parent="Items/rock_pillar_6" instance=ExtResource( 5 )]
transform = Transform( 7.52299, 0, -0.218949, -8.9407e-08, 5.18035, 0, 0.218949, -2.38419e-07, 7.52299, 1.26638, 10.6999, -0.311768 )

[node name="Item_FlatRock60" parent="Items/rock_pillar_6" instance=ExtResource( 5 )]
transform = Transform( 4.52395, -0.00826946, 4.763, 0.063067, 5.17999, -0.0454403, -4.7626, 0.0607391, 4.52375, 4.83045, 15.5596, -0.485031 )

[node name="Item_FlatRock61" parent="Items/rock_pillar_6" instance=ExtResource( 5 )]
transform = Transform( 4.16627, -1.58919, 1.88217, 1.5771, 4.89272, 0.0606477, -1.79627, 0.609761, 4.41876, 8.42051, 20.7827, -0.777191 )

[node name="Item_FlatRock62" parent="Items/rock_pillar_6" instance=ExtResource( 5 )]
transform = Transform( 2.5058, -2.12196, 1.6922, 1.00152, 2.86352, 2.10772, -2.52254, -0.970979, 2.51779, 14.486, 24.1886, 6.68303 )

[node name="Item_FlatRock63" parent="Items/rock_pillar_6/Item_FlatRock62" instance=ExtResource( 5 )]
transform = Transform( 0.422037, 0.622303, 0.0583154, -0.0245412, 1.45381, -0.349635, -0.126331, 1.79652, 0.262737, 0.740406, 0.753104, 2.14111 )

[node name="rock_pillar_5_top" type="Spatial" parent="Items/rock_pillar_6"]
transform = Transform( 0.881138, 0.301907, -0.363934, -0.32484, 0.945767, -0.00190828, 0.343621, 0.119902, 0.931423, 40.3422, 51.8347, 23.8792 )

[node name="Item_FlatRock64" parent="Items/rock_pillar_6/rock_pillar_5_top" instance=ExtResource( 5 )]
transform = Transform( 1.04566, 2.58192, 1.525, -1.05761, 2.6414, -1.4657, -2.11493, -0.0443259, 1.48693, -5.9933, -16.6554, 0.406952 )

[node name="Item_FlatRock65" parent="Items/rock_pillar_6/rock_pillar_5_top" instance=ExtResource( 5 )]
transform = Transform( 2.52164, 1.56302, 0.345242, -1.1401, 3.33436, -0.402051, -0.481753, 0.290351, 2.75858, -1.80317, -11.1434, 0.261169 )

[node name="Item_FlatRock66" parent="Items/rock_pillar_6/rock_pillar_5_top" instance=ExtResource( 5 )]
transform = Transform( 4.47177, -0.523789, 3.8477, 0.505857, 4.63029, 0.435261, -3.87224, -1.95127e-09, 4.50029, 0.285934, -4.57885, -0.13298 )

[node name="Item_FlatRock67" parent="Items/rock_pillar_6/rock_pillar_5_top" instance=ExtResource( 5 )]
transform = Transform( 7.11072, -1.33759, -0.384238, 2.1779, 4.36715, -0.117686, 0.401856, -8.9407e-08, 7.43677, -1.08177, -3.8147e-06, -0.628891 )

[node name="rock_pillar_5" type="Spatial" parent="Items"]
transform = Transform( 0.957807, 0.286251, -0.0258153, -0.287362, 0.952079, -0.104727, -0.00539988, 0.107726, 0.994166, -39.5712, 6.45691, 186.829 )

[node name="Item_FlatRock57" parent="Items/rock_pillar_5" instance=ExtResource( 5 )]
transform = Transform( 5.42222, 0, 9.24135, 0, 9, 0, -6.54596, 0, 7.6549, -0.420551, -1.26009, 0.245941 )

[node name="Item_FlatRock58" parent="Items/rock_pillar_5" instance=ExtResource( 5 )]
transform = Transform( 6.4838, -5.58794e-09, -5.22223, 0, 5.94183, 1.78814e-07, 5.22223, 0, 6.4838, 0.940956, 4.5436, 0.11195 )

[node name="Item_FlatRock59" parent="Items/rock_pillar_5" instance=ExtResource( 5 )]
transform = Transform( 7.51028, 0.283534, -0.263296, -0.411803, 5.17259, 0.0109689, 0.263502, 0.00238007, 7.52156, 3.74328, 9.85572, -0.206955 )

[node name="Item_FlatRock60" parent="Items/rock_pillar_5" instance=ExtResource( 5 )]
transform = Transform( 4.535, 0.0990837, 4.75085, -0.0304002, 5.17904, -0.144678, -4.75242, 0.0614248, 4.53444, 9.45666, 14.6656, -0.363007 )

[node name="Item_FlatRock61" parent="Items/rock_pillar_5" instance=ExtResource( 5 )]
transform = Transform( 4.79021, 0.113642, 0.338368, -0.175343, 5.05827, 1.02169, -0.307981, -1.11221, 4.68116, 12.8906, 20.56, -1.95013 )

[node name="Item_FlatRock62" parent="Items/rock_pillar_5" instance=ExtResource( 5 )]
transform = Transform( 2.7513, 1.01488, -2.24627, 0.0424453, 3.34631, 1.56388, 2.46452, -1.1906, 2.4807, 18.1639, 25.6659, -4.16751 )

[node name="Item_FlatRock63" parent="Items/rock_pillar_5" instance=ExtResource( 5 )]
transform = Transform( -0.606772, 3.75145, 1.4381, -0.319241, 4.26363, -1.37049, -1.87881, -1.93601, -0.231571, 23.0933, 30.0038, -7.56194 )

[node name="rock_pillar_5_top" type="Spatial" parent="Items/rock_pillar_5"]
transform = Transform( 0.957351, -0.256002, 0.133959, 0.228424, 0.954513, 0.191653, -0.176928, -0.15288, 0.972279, 35.185, 57.8131, -18.0334 )

[node name="Item_FlatRock64" parent="Items/rock_pillar_5/rock_pillar_5_top" instance=ExtResource( 5 )]
transform = Transform( 0.820475, 1.95653, 2.0338, -1.05603, 3.0473, -1.01014, -2.2128, -0.728831, 1.23618, -5.99329, -16.6554, 0.406952 )

[node name="Item_FlatRock65" parent="Items/rock_pillar_5/rock_pillar_5_top" instance=ExtResource( 5 )]
transform = Transform( 2.70718, 0.862712, 0.362419, -0.650238, 3.5918, -0.0870494, -0.372727, 0, 2.78418, -1.81296, -10.847, 0.27803 )

[node name="Item_FlatRock66" parent="Items/rock_pillar_5/rock_pillar_5_top" instance=ExtResource( 5 )]
transform = Transform( 4.47177, -0.523789, 3.8477, 0.505857, 4.63029, 0.435261, -3.87224, -1.95127e-09, 4.50029, 0.285934, -4.57885, -0.13298 )

[node name="Item_FlatRock67" parent="Items/rock_pillar_5/rock_pillar_5_top" instance=ExtResource( 5 )]
transform = Transform( 7.11072, -1.33759, -0.384238, 2.1779, 4.36715, -0.117686, 0.401856, -2.98023e-08, 7.43677, 0, -3.8147e-06, 0 )

[node name="rock_trees" type="Spatial" parent="Items"]
transform = Transform( 0.98592, 0.00759431, -0.167044, 0, 0.998968, 0.0454161, 0.167216, -0.0447767, 0.984903, -8.23548, 11.7811, -151.081 )

[node name="Item_FlatRock281" parent="Items/rock_trees" instance=ExtResource( 5 )]
transform = Transform( 17.9706, -5.365, 6.94793, 2.65872, 18.4129, 7.34125, -8.36589, -5.67272, 17.2578, -19.766, 98.01, -15.2272 )

[node name="Item_FlatRock282" parent="Items/rock_trees" instance=ExtResource( 5 )]
transform = Transform( 20, 0, 0, 6.92862e-07, 19.1379, -5.80871, 5.08829e-07, 5.80871, 19.1379, 1.52588e-05, 92.4155, 23.9423 )

[node name="Item_FlatRock283" parent="Items/rock_trees" instance=ExtResource( 5 )]
transform = Transform( 17.0204, -10.178, 2.59076, 10.4918, 16.2534, -5.07448, 0.476987, 5.67757, 19.1713, -30.844, 92.8738, 13.8607 )

[node name="Item_FlatRock284" parent="Items/rock_trees" instance=ExtResource( 5 )]
transform = Transform( 16.2088, 10.8488, 4.42483, -9.76718, 16.6833, -5.12526, -6.47117, 1.9928, 18.8189, 23.128, 93.2317, 5.98972 )

[node name="Item_FlatRock285" parent="Items/rock_trees" instance=ExtResource( 5 )]
transform = Transform( 8.22293, 8.97215, 15.8709, -9.34982, 17.0219, -4.77856, -15.6513, -5.45484, 11.1929, 1.85703, 94.3128, -17.7917 )

[node name="Item_Tree120" parent="Items/rock_trees" instance=ExtResource( 1 )]
transform = Transform( -14.3958, 4.21427, 0, -4.20992, -14.3809, -0.681243, -0.191397, -0.653802, 14.9845, -30.233, 86.2142, 1.67056 )

[node name="Item_Tree121" parent="Items/rock_trees" instance=ExtResource( 1 )]
transform = Transform( 13.9053, -4.07067, -3.88229, -4.0407, -14.4305, 0.658031, -3.91347, 0.435803, -14.4739, 22.299, 86.2142, 1.67056 )

[node name="Item_Tree122" parent="Items/rock_trees" instance=ExtResource( 1 )]
transform = Transform( 2.46442, -0.72144, 14.7786, -4.85407, -14.1924, 0.116622, 13.9773, -4.80157, -2.5652, 0.529007, 85.0389, 27.5229 )

[node name="Item_Tree123" parent="Items/rock_trees" instance=ExtResource( 1 )]
transform = Transform( -6.05136, 1.77149, -13.6104, -3.61669, -14.5546, -0.286364, -13.2401, 3.16611, 6.29881, -8.46399, 87.3895, -24.1808 )

[node name="Item_Hedge298" parent="Items/rock_trees" instance=ExtResource( 6 )]
transform = Transform( -1.53035, -0.0843811, -11.9017, -1.19969, 11.9397, 0.0696077, 11.8414, 1.19874, -1.53109, -5.18631, 81.6669, 1.95224 )

[node name="grave_stone_group" type="Spatial" parent="Items"]
transform = Transform( 0.861594, 0, 0.507599, 0, 1, 0, -0.507599, 0, 0.861594, 61.3665, 0, -99.3649 )

[node name="Item_Tree78" parent="Items/grave_stone_group" instance=ExtResource( 1 )]
transform = Transform( 3.48029, 0, -1.97169, 0, 4, 0, 1.97169, 0, 3.48029, 0, -2.82344, 0 )

[node name="Item_Tree76" parent="Items/grave_stone_group" instance=ExtResource( 1 )]
transform = Transform( -7.45216, 0, -2.90952, 0, 8, 0, 2.90952, 0, -7.45216, -31.0376, -29.0005, 16.0948 )

[node name="Item_Tree116" parent="Items/grave_stone_group" instance=ExtResource( 1 )]
transform = Transform( 4.08299, 0, 0.984468, 0, 4.2, 0, -0.984468, 0, 4.08299, 16.3587, -14.0809, 36.6207 )

[node name="Item_Tree81" parent="Items/grave_stone_group" instance=ExtResource( 1 )]
transform = Transform( 4.02349, -0.17123, -4.90926, -0.163212, 5.99051, -0.307022, 5.73437, 0.290644, 3.43582, 23.2552, -5.88065, -8.32973 )

[node name="Item_Tree82" parent="Items/grave_stone_group" instance=ExtResource( 1 )]
transform = Transform( -0.0281434, -0.0710887, 0.997073, 0.250601, 0.965112, 0.0758835, -0.967681, 0.252003, -0.0093466, 13.6575, -4.81825, 26.2262 )

[node name="Item_Tree83" parent="Items/grave_stone_group" instance=ExtResource( 1 )]
transform = Transform( 2.41348, 0, -0.652019, 0, 2.5, 0, 0.652019, 0, 2.41348, 11.3056, 1.84635, -3.92341 )

[node name="Item_Tree86" parent="Items/grave_stone_group" instance=ExtResource( 1 )]
transform = Transform( 2.07297, -0.219716, 2.15744, 0.479732, 2.95708, -0.159798, -2.11487, 0.455416, 2.07845, 79.2598, -8.29422, 17.7851 )

[node name="Item_Tree124" parent="Items/grave_stone_group" instance=ExtResource( 1 )]
transform = Transform( 0.122854, 0, 2.99748, 0, 3, 0, -2.99748, 0, 0.122854, 15.3165, 9.88184, -44.4168 )

[node name="Item_Tree88" parent="Items/grave_stone_group" instance=ExtResource( 1 )]
transform = Transform( -6.08892, -0.290953, 9.15644, -2.04946, 10.7591, -1.02099, -8.92887, -2.27114, -6.00976, 63.4701, -43.1329, 86.5969 )

[node name="Item_Tree118" parent="Items/grave_stone_group" instance=ExtResource( 1 )]
transform = Transform( 1.32204, 0, -0.708665, 0, 1.5, 0, 0.708665, 0, 1.32204, 90.3628, -1.10232, 5.98106 )

[node name="Item_Tree94" parent="Items/grave_stone_group" instance=ExtResource( 1 )]
transform = Transform( 4.28019, -0.0370718, 1.68844, 0.0421534, 4.18132, -0.0395689, -0.307364, 0.0572056, 3.98639, 30.5808, -12.3109, 53.2026 )

[node name="Item_Tree97" parent="Items/grave_stone_group" instance=ExtResource( 1 )]
transform = Transform( -0.310544, -0.0863044, -0.946633, -0.0834928, 0.994497, -0.0632783, 0.946885, 0.0593863, -0.316041, -9.80841, -2.59671, 1.41617 )

[node name="Item_Tree99" parent="Items/grave_stone_group" instance=ExtResource( 1 )]
transform = Transform( -0.377055, -0.0473056, -1.13824, -0.149382, 1.19067, 1.63461e-11, 1.12939, 0.141694, -0.380011, 20.2314, 3.22788, -0.828632 )

[node name="Item_Tree98" parent="Items/grave_stone_group" instance=ExtResource( 1 )]
transform = Transform( 1.36202, 0, 2.673, 0, 3, 0, -2.673, 0, 1.36202, -1.07499, -13.8675, 36.0216 )

[node name="Item_Tree100" parent="Items/grave_stone_group" instance=ExtResource( 1 )]
transform = Transform( 0.712307, -0.150832, 1.42474, 0.296594, 1.57216, 0.0181564, -1.40166, 0.256021, 0.727874, -1.46994, -3.6887, 9.90878 )

[node name="Item_Tree115" parent="Items/grave_stone_group" instance=ExtResource( 1 )]
transform = Transform( 0.907632, -0.0262561, 1.782, 0.0578322, 1.99916, 1.72353e-09, -1.78125, 0.0515284, 0.908012, 26.9294, -5.70984, 27.9792 )

[node name="Item_Tree91" parent="Items/grave_stone_group" instance=ExtResource( 1 )]
transform = Transform( 5.22273, 0, 5.38267, 0, 7.5, 0, -5.38267, 0, 5.22273, 85.281, -11.9833, -21.2395 )

[node name="Item_FlatRock185" parent="Items/grave_stone_group" instance=ExtResource( 5 )]
transform = Transform( 2.50658, 3.13822, -2.1748, 3.81812, -2.06839, 1.41592, -0.0120124, -2.59508, -3.75853, -50.019, -2.44987, 3.50871 )

[node name="Item_Tree80" parent="Items/grave_stone_group" instance=ExtResource( 1 )]
transform = Transform( 2.02846, 0, -0.851686, 0, 2.2, 0, 0.851686, 0, 2.02846, -46.4717, -7.34969, 16.997 )

[node name="Item_Tree117" parent="Items/grave_stone_group" instance=ExtResource( 1 )]
transform = Transform( 1.90724, 0, 0.602008, 0, 2, 0, -0.602008, 0, 1.90724, 0.126984, 1.98789, -27.877 )

[node name="Item_FlatRock112" parent="Items/grave_stone_group" instance=ExtResource( 5 )]
transform = Transform( -0.419122, 2.51427, -2.93954, 4.72769, 0.512627, 0.312465, 0.716409, -1.91198, -3.78173, -13.8748, 10.9919, -26.591 )

[node name="Item_FlatRock116" parent="Items/grave_stone_group/Item_FlatRock112" instance=ExtResource( 5 )]
transform = Transform( 0.8, 1.32248e-07, -4.82891e-08, -7.45058e-08, 1.42, -1.81794e-07, 6.33299e-08, 4.23193e-07, 0.61, 1.37282, 3.8147e-06, 9.53674e-07 )

[node name="Item_FlatRock113" parent="Items/grave_stone_group" instance=ExtResource( 5 )]
transform = Transform( -0.359326, -1.09149, -4.2388, 4.54579, 0.0694295, -0.426781, 0.253375, -2.79353, 1.64558, -111.386, -0.927651, -2.83466 )

[node name="Item_FlatRock114" parent="Items/grave_stone_group" instance=ExtResource( 5 )]
transform = Transform( 1.06801, 2.46575, -2.37205, 4.40856, -0.780288, 0.105195, -0.5305, -1.52027, -3.90126, -71.9754, -4.14483, 10.3607 )

[node name="Item_FlatRock115" parent="Items/grave_stone_group" instance=ExtResource( 5 )]
transform = Transform( 1.82787, 1.64506, -3.84887, 3.56614, -2.81098, 0.492138, -2.1915, -3.20208, -2.40938, -74.9388, -1.23263, -12.597 )

[node name="Item_FlatRock136" parent="Items/grave_stone_group" instance=ExtResource( 5 )]
transform = Transform( 1.83811, -3.97727, 1.28988, 4.17843, 1.69595, -0.725002, 0.152375, 1.47181, 4.32107, -84.3277, 9.40866, -47.8978 )

[node name="Item_FlatRock137" parent="Items/grave_stone_group" instance=ExtResource( 5 )]
transform = Transform( -0.387043, 3.779, -2.53584, 4.50917, -0.0257049, -0.726537, -0.615397, -2.56508, -3.72864, -94.649, -11.0365, -46.149 )

[node name="Item_FlatRock138" parent="Items/grave_stone_group" instance=ExtResource( 5 )]
transform = Transform( -0.763412, 3.68787, -2.58417, 4.45647, 0.242324, -0.970703, -0.646675, -2.68366, -3.63881, -63.7631, 5.95305, -28.3023 )

[node name="Item_FlatRock189" parent="Items/grave_stone_group" instance=ExtResource( 5 )]
transform = Transform( 0.361796, 3.09399, -3.34028, 4.52655, -0.605411, -0.0704868, -0.490504, -3.30483, -3.11427, -147.731, -4.94752, -113.918 )

[node name="Item_FlatRock191" parent="Items/grave_stone_group" instance=ExtResource( 5 )]
transform = Transform( 0.361796, 3.09399, -3.34028, 4.52655, -0.605411, -0.0704868, -0.490504, -3.30483, -3.11427, -114.206, -10.304, -102.921 )

[node name="Item_FlatRock193" parent="Items/grave_stone_group" instance=ExtResource( 5 )]
transform = Transform( 1.98283, 2.54695, -3.2315, 4.02455, -1.94672, 0.935104, -0.855882, -3.25338, -3.08936, -94.178, -10.8948, -74.738 )

[node name="Item_FlatRock195" parent="Items/grave_stone_group" instance=ExtResource( 5 )]
transform = Transform( -0.576782, 3.69348, -2.62424, 4.51173, 0.225543, -0.674193, -0.415606, -2.6774, -3.67695, -92.097, -9.09792, -93.69 )

[node name="Item_FlatRock197" parent="Items/grave_stone_group" instance=ExtResource( 5 )]
transform = Transform( -0.576782, 3.69348, -2.62424, 4.51173, 0.225543, -0.674193, -0.415606, -2.6774, -3.67695, -60.486, -5.94811, -76.697 )

[node name="Item_FlatRock198" parent="Items/grave_stone_group" instance=ExtResource( 5 )]
transform = Transform( 0.931451, 2.36175, -3.7968, 4.39353, -1.20412, 0.328835, -0.830926, -3.71933, -2.51741, -45.8729, 10.7189, -45.6261 )

[node name="Item_Tree125" parent="Items/grave_stone_group" instance=ExtResource( 1 )]
transform = Transform( 3.18408, 0, -0.31877, 0, 3.2, 0, 0.31877, 0, 3.18408, -23.81, 5.80598, -39.394 )

[node name="Item_Tree126" parent="Items/grave_stone_group" instance=ExtResource( 1 )]
transform = Transform( -1.93841, 0, 0.49251, 0, 2, 0, -0.49251, 0, -1.93841, 38.7625, 9.96368, -38.6558 )

[node name="Item_Tree130" parent="Items/grave_stone_group" instance=ExtResource( 1 )]
transform = Transform( -4.66089, 2.85173, -10.6838, -0.0996064, 11.5828, 3.13514, 11.0574, 1.30639, -4.47514, 1.08912, -21.6056, -113.541 )

[node name="Item_Tree189" parent="Items/grave_stone_group" instance=ExtResource( 1 )]
transform = Transform( -0.971546, -0.349846, -5.91047, -0.982446, 5.91601, -0.188682, 5.83874, 0.937235, -1.01523, -127.142, -14.0224, 26.0228 )

[node name="Item_Tree190" parent="Items/grave_stone_group" instance=ExtResource( 1 )]
transform = Transform( -3.5957, -0.373851, -6.57124, 0.0953717, 7.48415, -0.477975, 6.58118, -0.312715, -3.58334, -139.967, -19.0876, 14.0636 )

[node name="Item_TallRock68" parent="Items" instance=ExtResource( 3 )]
transform = Transform( 3.10861, -1.80713, -3.20297, 0.491445, 8.80134, -0.905294, 2.48336, 0.520377, 4.18856, 119.396, -19.9537, -48.3591 )

[node name="rock_wall" type="Spatial" parent="Items"]
transform = Transform( -0.820351, 0.501439, 0.274925, 0.351898, 0.0636889, 0.933869, 0.450769, 0.862846, -0.228703, -52.3441, -7.86716, 24.4174 )

[node name="rock_wall2" type="Spatial" parent="Items/rock_wall"]
transform = Transform( 1, 5.96046e-08, -6.70552e-08, -5.96046e-08, 1, -2.98023e-08, 6.70552e-08, 2.98023e-08, 1, -1.14441e-05, 5.72205e-06, -3.8147e-06 )

[node name="Item_TallRock72" parent="Items/rock_wall/rock_wall2" instance=ExtResource( 3 )]
transform = Transform( 2.96587, -1.56893, 3.47667, 2.63823, 3.49711, -3.45044, -0.561573, 8.14302, 2.15168, 55.7058, -5.68865, -3.64761 )

[node name="Item_TallRock73" parent="Items/rock_wall/rock_wall2" instance=ExtResource( 3 )]
transform = Transform( -0.857434, 0.312952, 5.09253, -4.83376, -0.20216, -0.892883, 0.142057, -4.98993, 0.35556, 53.0159, 2.96912, 26.2727 )

[node name="rock_wall_end" type="Spatial" parent="Items/rock_wall"]
transform = Transform( 0.741462, 1.14403, 0.318485, -1.18745, 0.70974, 0.215031, 0.0142572, -0.384015, 1.34623, 188.858, -61.7534, -21.0506 )

[node name="Item_TallRock72" parent="Items/rock_wall/rock_wall_end" instance=ExtResource( 3 )]
transform = Transform( 2.91929, -0.16534, 3.66546, 2.63099, 2.76224, -3.68766, -0.792234, 8.56404, 1.26017, 1.44484, -1.0323, 15.1983 )

[node name="Item_TallRock74" parent="Items/rock_wall/rock_wall_end" instance=ExtResource( 3 )]
transform = Transform( 3.58835, -0.474486, 3.99858, 4.77505, 1.41234, -2.92407, -0.567992, 8.87581, 0.679046, 12.7453, 7.09451, 13.6979 )

[node name="Item_TallRock73" parent="Items/rock_wall/rock_wall_end" instance=ExtResource( 3 )]
transform = Transform( -1.26598, -1.11344, 4.87268, -4.60731, 1.45411, -0.976439, -1.13601, -4.6566, -1.47002, 6.67256, -1.2735, 35.3815 )

[node name="Item_TallRock82" parent="Items/rock_wall/rock_wall_end" instance=ExtResource( 3 )]
transform = Transform( -4.59723, 1.60363, 0.752365, 0.974429, 0.700929, 5.02723, 1.42696, 4.68776, -1.00906, 31.9317, -89.7633, 22.5631 )

[node name="Item_TallRock80" parent="Items/rock_wall/rock_wall_end" instance=ExtResource( 3 )]
transform = Transform( 2.23974, 1.85198, -0.875314, 0.769891, -4.55429, -0.701056, -1.01028, 0.635111, -2.47477, 11.4306, -15.6107, 38.2301 )

[node name="Item_TallRock81" parent="Items/rock_wall/rock_wall_end" instance=ExtResource( 3 )]
transform = Transform( -2.50019, 0.506365, -4.10206, 7.7346, -0.02942, -1.33823, -0.263481, -5.66858, -0.359485, 40.6539, -79.1925, 34.1672 )

[node name="Item_TallRock75" parent="Items/rock_wall/rock_wall_end" instance=ExtResource( 3 )]
transform = Transform( 2.63419, 0.632717, -0.06398, 0.231447, -0.370024, 2.86847, 0.843076, -1.87535, -0.587563, -20.2389, 11.7063, 45.3871 )

[node name="Item_TallRock76" parent="Items/rock_wall/rock_wall_end" instance=ExtResource( 3 )]
transform = Transform( -0.761837, 0.457597, -1.08234, 1.20109, 0.0684778, -0.744248, -0.183883, -1.44856, -0.377092, -28.1959, 5.00676, 29.2801 )

[node name="Item_TallRock77" parent="Items/rock_wall/rock_wall_end" instance=ExtResource( 3 )]
transform = Transform( 0.0768114, 0.600399, 1.0438, -1.13791, -0.158782, 0.198095, 0.23524, -0.964109, 0.617403, -32.2387, 5.09055, 64.3369 )

[node name="Item_TallRock78" parent="Items/rock_wall/rock_wall_end" instance=ExtResource( 3 )]
transform = Transform( -0.662391, 0.430889, 0.372269, -0.430525, -0.043774, -0.7948, -0.361312, -0.737787, 0.264573, -41.904, 7.74225, 67.5067 )

[node name="Item_TallRock79" parent="Items/rock_wall/rock_wall_end" instance=ExtResource( 3 )]
transform = Transform( 0.801912, 0.391375, 0.443281, -0.563318, 0.159318, 0.747226, 0.223924, -1.0008, 0.292303, -40.4014, 6.32249, 50.2912 )

[node name="rock_wall_Item_FlatRock2" parent="Items/rock_wall" instance=ExtResource( 5 )]
transform = Transform( 8, 0, 0, 0, 11.8177, -5.20945, 0, 2.08378, 29.5442, 40, 3.8147e-06, -1.90735e-06 )

[node name="rock_wall_Item_FlatRock3" parent="Items/rock_wall" instance=ExtResource( 5 )]
transform = Transform( 8, 0, 0, 0, 11.9343, -3.13585, 0, 1.25434, 29.8357, 20, 7.62939e-06, -1.90735e-06 )

[node name="rock_wall_Item_FlatRock4" parent="Items/rock_wall" instance=ExtResource( 5 )]
transform = Transform( 8, 0, 0, 0, 11.9927, -1.04698, 0, 0.418794, 29.9817, -1.52588e-05, 5.72205e-06, -3.8147e-06 )

[node name="rock_wall_Item_FlatRock5" parent="Items/rock_wall" instance=ExtResource( 5 )]
transform = Transform( 8, 0, 0, 0, 11.9982, -0.523572, 0, 0.209429, 29.9954, -20, 5.72205e-06, -7.62939e-06 )

[node name="rock_wall_Item_FlatRock6" parent="Items/rock_wall" instance=ExtResource( 5 )]
transform = Transform( 7.86771, 0.349296, -5.36244, -9.53674e-07, 11.844, 4.82176, 1.44882, -1.89681, 29.1203, -37.2663, -5.8366, -0.166927 )

[node name="rock_wall_2" type="Spatial" parent="Items"]
transform = Transform( 0.509475, -0.00601765, -0.860464, -0.201685, 0.971285, -0.126209, 0.836515, 0.237843, 0.493632, -90.7215, -17.5601, 44.649 )

[node name="Item_TallRock91" parent="Items/rock_wall_2" instance=ExtResource( 3 )]
transform = Transform( 3.85481, -2.24557, 0.113485, 1.09958, 7.88367, -0.111762, -0.0588248, 0.212418, 5.34763, 3.84249, 8.37487, -39.2708 )

[node name="Item_TallRock92" parent="Items/rock_wall_2" instance=ExtResource( 3 )]
transform = Transform( 3.72661, -2.33549, 1.40103, 1.09958, 8.65281, -0.111762, -0.987624, 0.821207, 5.16209, 5.21429, 12.1912, -22.6415 )

[node name="Item_TallRock93" parent="Items/rock_wall_2" instance=ExtResource( 3 )]
transform = Transform( 5.50841, 0.260572, 1.96994, 0.125121, 9.92121, -0.660681, -2.18428, 1.22544, 4.93004, 5.35839, 14.5068, -7.02988 )

[node name="Item_TallRock94" parent="Items/rock_wall_2" instance=ExtResource( 3 )]
transform = Transform( 6.8233, -0.419168, 2.01581, 0.382287, 7.98871, 0.0625207, -2.78053, 0.0697238, 4.95531, 5.50617, 10.9583, 8.98067 )

[node name="Item_TallRock509" parent="Items/rock_wall_2" instance=ExtResource( 3 )]
transform = Transform( 0.546277, 0.373135, -2.92615, 0.886808, 2.81747, 0.524834, 2.81339, -0.960544, 0.40274, -4.58137, 12.3041, 23.4937 )

[node name="shifted_pillars" type="Spatial" parent="Items"]
transform = Transform( 0.976046, 0, -0.217564, 0, 1, 0, 0.217564, 0, 0.976046, -143.755, 29.1126, 60.128 )

[node name="Item_FlatRock384" parent="Items/shifted_pillars" instance=ExtResource( 5 )]
transform = Transform( -4.3601, 1.33373, -2.93158, 1.71736, 4.90047, -0.406748, 2.30726, -1.12718, -5.23714, 64.6498, -16.5727, 42.2307 )

[node name="shifted_pillar_1" type="Spatial" parent="Items/shifted_pillars"]
transform = Transform( 0.786432, 0.102488, -0.609116, 0.0100823, 0.983877, 0.178562, 0.617596, -0.146568, 0.772718, 9.90221, -10.2563, 7.81615 )

[node name="Item_FlatRock385" parent="Items/shifted_pillars/shifted_pillar_1" instance=ExtResource( 5 )]
transform = Transform( 5.22333, -3.42727e-07, -2.14577e-06, -2.23517e-08, 5.20231, -2.98023e-07, 2.38419e-07, 1.49012e-08, 6.01557, 0, 0, 0 )

[node name="Item_FlatRock386" parent="Items/shifted_pillars/shifted_pillar_1" instance=ExtResource( 5 )]
transform = Transform( 6.20273, -1.06434, 1.31684, 2.0728, 3.50025, -0.429083, -1.27989, 0.510555, 5.68688, 4.48724, 8.32545, 2.35049 )

[node name="Item_FlatRock388" parent="Items/shifted_pillars/shifted_pillar_1" instance=ExtResource( 5 )]
transform = Transform( 5.53824, -1.17776, -0.0960933, 1.73719, 3.16323, 1.98693, -0.684752, -1.50069, 4.26357, 9.20896, 16.1802, 3.44932 )

[node name="Item_FlatRock390" parent="Items/shifted_pillars/shifted_pillar_1" instance=ExtResource( 5 )]
transform = Transform( 3.67469, -0.63859, -2.63628, 1.4993, 4.17747, 1.07796, 2.26049, -1.73267, 3.5706, 13.4031, 23.5969, 4.61198 )

[node name="Item_FlatRock392" parent="Items/shifted_pillars/shifted_pillar_1" instance=ExtResource( 5 )]
transform = Transform( 1.79356, -2.05144, -3.66548, -0.0995879, 3.96377, -2.2671, 4.19932, 0.970186, 1.51179, 16.3817, 30.6306, 10.7148 )

[node name="Item_FlatRock394" parent="Items/shifted_pillars/shifted_pillar_1" instance=ExtResource( 5 )]
transform = Transform( 5.47883, 1.02488, -2.14103, -1.02714, 5.09511, 0.618698, 2.21979, -0.171976, 5.57074, 22.8471, 36.5322, 12.4543 )

[node name="shifted_pillar_2" type="Spatial" parent="Items/shifted_pillars"]
transform = Transform( 0.965265, 0.0572972, -0.254911, -0.0070109, 0.980986, 0.193951, 0.261177, -0.185427, 0.947313, -25.7722, 4.17419, 42.3337 )

[node name="Item_FlatRock203" parent="Items/shifted_pillars/shifted_pillar_2" instance=ExtResource( 5 )]
transform = Transform( 5.18035, 4.47035e-08, -3.33786e-06, 1.49012e-08, 5.18035, 3.57628e-07, 2.38419e-07, 0, 5.18034, 0, 0, 0 )

[node name="Item_FlatRock240" parent="Items/shifted_pillars/shifted_pillar_2" instance=ExtResource( 5 )]
transform = Transform( 3.6596, 0.0440918, 0.500611, -0.0162905, 3.68818, -0.205751, -0.502285, 0.20163, 3.65408, 0.905998, 7.04785, 0.510529 )

[node name="Item_FlatRock249" parent="Items/shifted_pillars/shifted_pillar_2" instance=ExtResource( 5 )]
transform = Transform( 3.69368, 0.0440918, -0.00120282, -0.0440916, 3.68818, -0.20163, -0.00120592, 0.20163, 3.68843, 1.60184, 13.6884, 0.0928345 )

[node name="Item_FlatRock355" parent="Items/shifted_pillars/shifted_pillar_2" instance=ExtResource( 5 )]
transform = Transform( 3.56504, 0.0545175, -2.85457, -0.198329, 4.56027, -0.160598, 2.84819, 0.249307, 3.56184, 0.783821, 21.0942, 0.925598 )

[node name="Item_FlatRock357" parent="Items/shifted_pillars/shifted_pillar_2" instance=ExtResource( 5 )]
transform = Transform( 3.14419, 0.0545175, -3.31242, -0.218307, 4.56027, -0.132165, 3.30567, 0.249307, 3.14188, 2.65684, 29.1084, 3.78017 )

[node name="Item_FlatRock359" parent="Items/shifted_pillars/shifted_pillar_2" instance=ExtResource( 5 )]
transform = Transform( 4.4406, -0.28185, -2.65833, 0.768616, 6.34655, 0.857775, 2.55466, -1.41955, 4.36274, 5.65609, 38.0375, 5.90674 )

[node name="Item_FlatRock371" parent="Items/shifted_pillars/shifted_pillar_2" instance=ExtResource( 5 )]
transform = Transform( 4.10701, 1.58963, -2.72793, -0.467839, 4.73286, 2.05359, 3.12244, -1.38173, 3.89579, 12.0065, 46.8384, 8.73849 )

[node name="Item_FlatRock382" parent="Items/shifted_pillars/shifted_pillar_2" instance=ExtResource( 5 )]
transform = Transform( 4.35028, -0.511814, -2.83204, -0.186369, 3.36886, -2.10344, 2.45771, 1.1614, 4.85336, 23.6747, 56.1017, 8.50925 )

[node name="shifted_pillar_3" type="Spatial" parent="Items/shifted_pillars"]
transform = Transform( 0.993727, 0.111797, 0.00328884, -0.110225, 0.973917, 0.19833, 0.0189696, -0.197448, 0.980132, 99.008, -14.8176, 77.2098 )

[node name="Item_FlatRock400" parent="Items/shifted_pillars/shifted_pillar_3" instance=ExtResource( 5 )]
transform = Transform( 5.18035, -2.98023e-08, -2.38419e-07, 1.49012e-07, 5.18035, 1.56462e-07, 1.19209e-07, 0, 5.18035, 0, 0, 0 )

[node name="Item_FlatRock402" parent="Items/shifted_pillars/shifted_pillar_3" instance=ExtResource( 5 )]
transform = Transform( 3.65006, 0.27627, 0.495947, -0.2573, 3.68162, -0.157198, -0.506054, 0.120786, 3.65713, 3.64281, 8.53299, 0.206558 )

[node name="Item_FlatRock404" parent="Items/shifted_pillars/shifted_pillar_3" instance=ExtResource( 5 )]
transform = Transform( 3.48798, -1.21288, -0.0900503, 1.21288, 3.44862, 0.530271, -0.090045, -0.530271, 3.65457, 8.52982, 15.1487, -0.656647 )

[node name="shifted_pillar_4" type="Spatial" parent="Items/shifted_pillars"]
transform = Transform( -0.447766, 0.0364182, -0.893408, 0.0754676, 0.997144, 0.00282335, 0.89096, -0.0661593, -0.449235, 34.3576, -5.16378, 74.518 )

[node name="Item_FlatRock117" parent="Items/shifted_pillars/shifted_pillar_4" instance=ExtResource( 5 )]
transform = Transform( 6.94994, 4.17233e-07, 7.15256e-06, 1.19209e-07, 5.18034, -2.20537e-06, 4.76837e-07, 1.19209e-07, 6.94993, 0, 0, 0 )

[node name="Item_FlatRock239" parent="Items/shifted_pillars/shifted_pillar_4" instance=ExtResource( 5 )]
transform = Transform( 5.37921, 2.0544, -3.89167, -0.724972, 4.88161, 1.5749, 4.29182, -1.09073, 5.35651, -3.25261, 4.327, -3.62757 )

[node name="Item_FlatRock119" parent="Items/shifted_pillars/shifted_pillar_4" instance=ExtResource( 5 )]
