[gd_scene load_steps=10 format=2]

[ext_resource path="res://Prefabs/Items/Item_Tree.tscn" type="PackedScene" id=1]
[ext_resource path="res://Prefabs/Prefab_SkyClock.tscn" type="PackedScene" id=2]
[ext_resource path="res://Prefabs/Items/Item_TallRock.tscn" type="PackedScene" id=3]
[ext_resource path="res://Prefabs/Terrain.tscn" type="PackedScene" id=4]
[ext_resource path="res://Prefabs/Items/Item_FlatRock.tscn" type="PackedScene" id=5]
[ext_resource path="res://Prefabs/Items/Item_Hedge.tscn" type="PackedScene" id=6]
[ext_resource path="res://ItemManager.gd" type="Script" id=7]
[ext_resource path="res://Spawner.gd" type="Script" id=8]
[ext_resource path="res://Prefabs/placeholder_SpawnLocation.tscn" type="PackedScene" id=9]

[node name="Assets" type="Node"]

[node name="Spawner" type="Node" parent="."]
script = ExtResource( 8 )
difficultyLevel = 0.8
wecker_radius = 15

[node name="SpawnTimer" type="Timer" parent="Spawner"]

[node name="SpawnLocations" type="Node" parent="Spawner"]

[node name="SpawnLocation1" parent="Spawner/SpawnLocations" instance=ExtResource( 9 )]
transform = Transform( 0.627243, 0, 0.778824, 0, 1, 0, -0.778824, 0, 0.627243, -10.9442, 4.96063, -0.55397 )

[node name="SpawnLocation2" parent="Spawner/SpawnLocations" instance=ExtResource( 9 )]
transform = Transform( 0.75116, -0.202186, 0.628395, 0.170381, 0.979067, 0.111348, -0.637753, 0.0234271, 0.769884, -85.5403, 46.146, 42.9848 )

[node name="SpawnLocation3" parent="Spawner/SpawnLocations" instance=ExtResource( 9 )]
transform = Transform( 0.556716, 0.0948593, 0.825269, 0, 0.993459, -0.114192, -0.830703, 0.0635723, 0.553075, -134.096, 21.7968, 109.413 )

[node name="SpawnLocation4" parent="Spawner/SpawnLocations" instance=ExtResource( 9 )]
transform = Transform( -0.974853, -0.0126917, 0.222487, 0.00469087, 0.996987, 0.0774263, -0.222799, 0.0765229, -0.971856, 47.7237, -4.34403, 48.0881 )

[node name="SpawnLocation5" parent="Spawner/SpawnLocations" instance=ExtResource( 9 )]
transform = Transform( 0.0083212, -0.220745, 0.975296, 0.199358, 0.956117, 0.214703, -0.979891, 0.192647, 0.0519634, -66.2937, 39.4132, 102.495 )

[node name="SpawnLocation6" parent="Spawner/SpawnLocations" instance=ExtResource( 9 )]
transform = Transform( 0.745532, 0.0758083, 0.662144, 0.0442029, 0.985698, -0.162621, -0.665002, 0.150508, 0.731518, -126.259, 57.6173, 89.7895 )

[node name="SpawnLocation7" parent="Spawner/SpawnLocations" instance=ExtResource( 9 )]
transform = Transform( -0.91254, -0.0287232, -0.407977, 0.0380397, 0.987246, -0.154591, 0.407214, -0.15659, -0.899809, 109.179, 51.4469, 57.2364 )

[node name="SpawnLocation8" parent="Spawner/SpawnLocations" instance=ExtResource( 9 )]
transform = Transform( -0.995806, -0.0656769, 0.0636953, -0.0648983, 0.99779, 0.0142194, -0.0644885, 0.0100261, -0.997868, 60.2556, 63.2928, 8.24628 )

[node name="SpawnLocation24" parent="Spawner/SpawnLocations" instance=ExtResource( 9 )]
transform = Transform( -0.965768, 0.0249502, 0.258203, 0.0516645, 0.993923, 0.0972001, -0.254208, 0.107213, -0.961188, 132.549, -2.50395, 24.1946 )

[node name="SpawnLocation9" parent="Spawner/SpawnLocations" instance=ExtResource( 9 )]
transform = Transform( 0.729229, 0.0794266, 0.679644, 0.0442029, 0.985698, -0.162621, -0.682841, 0.14863, 0.715288, -174.181, 27.4738, 65.7711 )

[node name="SpawnLocation10" parent="Spawner/SpawnLocations" instance=ExtResource( 9 )]
transform = Transform( 0.987301, -0.0679642, -0.143589, 0.0692629, 0.99759, 0.00405946, 0.142967, -0.0139533, 0.989629, -154.669, 60.0492, -23.7348 )

[node name="SpawnLocation11" parent="Spawner/SpawnLocations" instance=ExtResource( 9 )]
transform = Transform( 0.998147, -0.0497842, 0.0349833, 0.0531902, 0.993119, -0.104338, -0.0295482, 0.106005, 0.993926, -167.868, 49.2187, 5.07725 )

[node name="SpawnLocation12" parent="Spawner/SpawnLocations" instance=ExtResource( 9 )]
transform = Transform( 0.955411, -0.0810027, -0.283949, 0.0531902, 0.993119, -0.104338, 0.290447, 0.0845824, 0.953145, -89.7526, -1.23305, -41.8489 )

[node name="SpawnLocation13" parent="Spawner/SpawnLocations" instance=ExtResource( 9 )]
transform = Transform( 0.420865, 0.158346, 0.893196, 0.0966089, 0.971223, -0.2177, -0.901964, 0.177913, 0.393456, -93.8668, -0.900476, 31.7115 )

[node name="SpawnLocation14" parent="Spawner/SpawnLocations" instance=ExtResource( 9 )]
transform = Transform( 0.662647, -0.0802295, -0.744621, 0.227321, 0.968886, 0.0979025, 0.713599, -0.234143, 0.660268, -8.25782, -8.09414, 106.93 )

[node name="SpawnLocation15" parent="Spawner/SpawnLocations" instance=ExtResource( 9 )]
transform = Transform( -0.679257, -0.0981861, -0.727302, 0.164095, 0.945601, -0.280911, 0.71532, -0.310157, -0.626194, 87.696, -7.53309, 136.502 )

[node name="SpawnLocation16" parent="Spawner/SpawnLocations" instance=ExtResource( 9 )]
transform = Transform( -0.980259, 0.187452, -0.0628799, 0.193294, 0.975469, -0.105343, 0.0415909, -0.115418, -0.992446, 155.055, -7.37392, -63.7574 )

[node name="SpawnLocation17" parent="Spawner/SpawnLocations" instance=ExtResource( 9 )]
transform = Transform( 0.664904, -0.278674, 0.692995, 0.35101, 0.935541, 0.0394279, -0.659313, 0.217032, 0.719863, 184.866, 24.6802, -58.3643 )

[node name="SpawnLocation18" parent="Spawner/SpawnLocations" instance=ExtResource( 9 )]
transform = Transform( -0.579304, 0.0514689, 0.813485, 0.109059, 0.993925, 0.0147786, -0.807783, 0.0972795, -0.581398, 57.2414, -7.31763, -69.3455 )

[node name="SpawnLocation19" parent="Spawner/SpawnLocations" instance=ExtResource( 9 )]
transform = Transform( -0.127733, 0.101409, -0.98661, 0.145001, 0.98598, 0.0825718, 0.981152, -0.132513, -0.140647, 89.0066, 11.9912, -146.746 )

[node name="SpawnLocation20" parent="Spawner/SpawnLocations" instance=ExtResource( 9 )]
transform = Transform( -0.64024, 0.0804296, -0.763952, 0.0962323, 0.995067, 0.0241128, 0.762123, -0.0580789, -0.644822, 31.1007, 12.776, -140.291 )

[node name="SpawnLocation21" parent="Spawner/SpawnLocations" instance=ExtResource( 9 )]
transform = Transform( -0.855797, 0.0885495, 0.509677, 0.0560504, 0.995313, -0.0788081, -0.514266, -0.0388762, -0.856749, -58.7317, 30.5612, -114.271 )

[node name="SpawnLocation22" parent="Spawner/SpawnLocations" instance=ExtResource( 9 )]
transform = Transform( 0.915055, -0.202949, 0.348549, 0.172393, 0.978066, 0.116908, -0.36463, -0.0468898, 0.929971, -157.053, 30.9636, -105.355 )

[node name="Boden" type="Node" parent="."]

[node name="Terrain" parent="Boden" instance=ExtResource( 4 )]
transform = Transform( 9, 0, 0, 0, 9, 0, 0, 0, 9, 0.117482, -4.95892, 0.514208 )

[node name="Items" type="Spatial" parent="."]
transform = Transform( 1, 0, 0, 0, 1, 0, 0, 0, 1, 0, -5, 0 )
script = ExtResource( 7 )

[node name="rock_pillar_4" type="Spatial" parent="Items"]
transform = Transform( -0.999054, 0.0082872, -0.0426928, 0.0133361, 0.99276, -0.119371, 0.0413944, -0.119827, -0.991932, 15.0948, 2.42007, 33.9456 )

[node name="Item_FlatRock57" parent="Items/rock_pillar_4" instance=ExtResource( 5 )]
transform = Transform( 5.42222, 0, 9.24135, 0, 9, 0, -6.54596, 0, 7.6549, -0.420551, -1.26009, 0.245941 )

[node name="Item_FlatRock58" parent="Items/rock_pillar_4" instance=ExtResource( 5 )]
transform = Transform( 6.4838, -5.58794e-09, -5.22223, 0, 5.94183, 1.78814e-07, 5.22223, 0, 6.4838, 0.940956, 4.5436, 0.11195 )

[node name="Item_FlatRock59" parent="Items/rock_pillar_4" instance=ExtResource( 5 )]
transform = Transform( 7.52299, 0, -0.218949, 0, 5.18035, 0, 0.218949, 0, 7.52299, 0.696808, 10.6907, -0.485031 )

[node name="Item_FlatRock60" parent="Items/rock_pillar_4" instance=ExtResource( 5 )]
transform = Transform( 4.52395, -0.00826946, 4.763, 0.063067, 5.17999, -0.0454403, -4.7626, 0.0607391, 4.52375, 0.696808, 15.5596, -0.485031 )

[node name="Item_FlatRock61" parent="Items/rock_pillar_4" instance=ExtResource( 5 )]
transform = Transform( 4.76082, 0, 0.637348, 0, 5.18035, 0, -0.637348, 0, 4.76082, 0.730499, 20.1826, -0.665741 )

[node name="Item_FlatRock62" parent="Items/rock_pillar_4" instance=ExtResource( 5 )]
transform = Transform( 2.15651, 0, 2.99912, 0, 3.69395, 0, -2.99912, 0, 2.15651, 0.150879, 24.0926, -2.23488 )

[node name="Item_FlatRock63" parent="Items/rock_pillar_4" instance=ExtResource( 5 )]
transform = Transform( 1.55892, 0, 0.475569, 0, 3.74421, 0, -0.475569, 0, 1.55892, -0.634499, 27.2364, -1.63293 )

[node name="Item_FlatRock64" parent="Items/rock_pillar_4" instance=ExtResource( 5 )]
transform = Transform( 1.7806, 0, 1.87465, 0, 3.69395, 0, -1.87465, 0, 1.7806, -0.695175, 30.7083, -1.71355 )

[node name="Item_FlatRock65" parent="Items/rock_pillar_4" instance=ExtResource( 5 )]
transform = Transform( 2.78418, 0, 0.372727, 0, 3.69395, 0, -0.372727, 0, 2.78418, -0.671585, 34.0048, -1.84245 )

[node name="Item_FlatRock66" parent="Items/rock_pillar_4" instance=ExtResource( 5 )]
transform = Transform( 4.50029, 0, 3.87223, 0, 4.65982, 0, -3.87223, 0, 4.50029, -0.0464172, 37.9133, -2.25346 )

[node name="Item_FlatRock67" parent="Items/rock_pillar_4" instance=ExtResource( 5 )]
transform = Transform( 7.43676, 0, -0.401856, 0, 4.5674, 0, 0.401856, 0, 7.43676, -0.885025, 42.0253, -2.12048 )

[node name="rock_trees" type="Spatial" parent="Items"]
transform = Transform( 0.98592, 0.00759431, -0.167044, 0, 0.998968, 0.0454161, 0.167216, -0.0447767, 0.984903, -8.23548, 11.7811, -151.081 )

[node name="Item_FlatRock281" parent="Items/rock_trees" instance=ExtResource( 5 )]
transform = Transform( 17.9706, -5.365, 6.94793, 2.65872, 18.4129, 7.34125, -8.36589, -5.67272, 17.2578, -19.766, 98.01, -15.2272 )

[node name="Item_FlatRock282" parent="Items/rock_trees" instance=ExtResource( 5 )]
transform = Transform( 20, 0, 0, 6.92862e-07, 19.1379, -5.80871, 5.08829e-07, 5.80871, 19.1379, 1.52588e-05, 92.4155, 23.9423 )

[node name="Item_FlatRock283" parent="Items/rock_trees" instance=ExtResource( 5 )]
transform = Transform( 17.0204, -10.178, 2.59076, 10.4918, 16.2534, -5.07448, 0.476987, 5.67757, 19.1713, -30.844, 92.8738, 13.8607 )

[node name="Item_FlatRock284" parent="Items/rock_trees" instance=ExtResource( 5 )]
transform = Transform( 16.2088, 10.8488, 4.42483, -9.76718, 16.6833, -5.12526, -6.47117, 1.9928, 18.8189, 23.128, 93.2317, 5.98972 )

[node name="Item_FlatRock285" parent="Items/rock_trees" instance=ExtResource( 5 )]
transform = Transform( 8.22293, 8.97215, 15.8709, -9.34982, 17.0219, -4.77856, -15.6513, -5.45484, 11.1929, 1.85703, 94.3128, -17.7917 )

[node name="Item_Tree120" parent="Items/rock_trees" instance=ExtResource( 1 )]
transform = Transform( -14.3958, 4.21427, 0, -4.20992, -14.3809, -0.681243, -0.191397, -0.653802, 14.9845, -30.233, 86.2142, 1.67056 )

[node name="Item_Tree121" parent="Items/rock_trees" instance=ExtResource( 1 )]
transform = Transform( 13.9053, -4.07067, -3.88229, -4.0407, -14.4305, 0.658031, -3.91347, 0.435803, -14.4739, 22.299, 86.2142, 1.67056 )

[node name="Item_Tree122" parent="Items/rock_trees" instance=ExtResource( 1 )]
transform = Transform( 2.46442, -0.72144, 14.7786, -4.85407, -14.1924, 0.116622, 13.9773, -4.80157, -2.5652, 0.529007, 85.0389, 27.5229 )

[node name="Item_Tree123" parent="Items/rock_trees" instance=ExtResource( 1 )]
transform = Transform( -6.05136, 1.77149, -13.6104, -3.61669, -14.5546, -0.286364, -13.2401, 3.16611, 6.29881, -8.46399, 87.3895, -24.1808 )

[node name="Item_Hedge298" parent="Items/rock_trees" instance=ExtResource( 6 )]
transform = Transform( -1.53035, -0.0843811, -11.9017, -1.19969, 11.9397, 0.0696077, 11.8414, 1.19874, -1.53109, -5.18631, 81.6669, 1.95224 )

[node name="grave_stone_group" type="Spatial" parent="Items"]
transform = Transform( 0.861594, 0, 0.507599, 0, 1, 0, -0.507599, 0, 0.861594, 61.3665, 0, -99.3649 )

[node name="Item_Tree78" parent="Items/grave_stone_group" instance=ExtResource( 1 )]
transform = Transform( 5.22044, 0, -2.95754, 0, 5.2, 0, 2.95754, 0, 5.22044, 0, -2.82344, 0 )

[node name="Item_Tree76" parent="Items/grave_stone_group" instance=ExtResource( 1 )]
transform = Transform( -7.45216, 0, -2.90952, 0, 8, 0, 2.90952, 0, -7.45216, -31.0376, -29.0005, 16.0948 )

[node name="Item_Tree116" parent="Items/grave_stone_group" instance=ExtResource( 1 )]
transform = Transform( 4.08299, 0, 0.984468, 0, 4.2, 0, -0.984468, 0, 4.08299, 8.32658, -9.95103, 40.0581 )

[node name="Item_Tree81" parent="Items/grave_stone_group" instance=ExtResource( 1 )]
transform = Transform( 4.30408, 0, -6.14206, 0, 7.5, 0, 6.14206, 0, 4.30408, 23.2552, -5.88065, -8.32973 )

[node name="Item_Tree82" parent="Items/grave_stone_group" instance=ExtResource( 1 )]
transform = Transform( -0.00514874, 0, 0.999987, 0, 1, 0, -0.999987, 0, -0.00514874, 17.2332, -2.83283, 9.13998 )

[node name="Item_Tree83" parent="Items/grave_stone_group" instance=ExtResource( 1 )]
transform = Transform( 2.41348, 0, -0.652019, 0, 2.5, 0, 0.652019, 0, 2.41348, 11.3056, 1.84635, -3.92341 )

[node name="Item_Tree86" parent="Items/grave_stone_group" instance=ExtResource( 1 )]
transform = Transform( 2.78412, -0.0748261, 2.87109, 0.14326, 3.99728, -0.0347428, -2.86848, 0.127009, 2.78491, 79.2598, -8.29422, 17.7851 )

[node name="Item_Tree124" parent="Items/grave_stone_group" instance=ExtResource( 1 )]
transform = Transform( 0.122854, 0, 2.99748, 0, 3, 0, -2.99748, 0, 0.122854, 15.3165, 9.88184, -44.4168 )

[node name="Item_Tree88" parent="Items/grave_stone_group" instance=ExtResource( 1 )]
transform = Transform( 0.250681, 0.153468, 5.9928, 0.488586, 5.97756, -0.173516, -5.97482, 0.495249, 0.237245, 92.5031, -16.8091, 31.6292 )

[node name="Item_Tree118" parent="Items/grave_stone_group" instance=ExtResource( 1 )]
transform = Transform( 1.32204, 0, -0.708665, 0, 1.5, 0, 0.708665, 0, 1.32204, 28.214, 6.85534, -17.0601 )

[node name="Item_Tree94" parent="Items/grave_stone_group" instance=ExtResource( 1 )]
transform = Transform( 4.28019, -0.0370718, 1.68844, 0.0421534, 4.18132, -0.0395689, -0.307364, 0.0572056, 3.98639, 37.8737, -12.3109, 56.0251 )

[node name="Item_Tree97" parent="Items/grave_stone_group" instance=ExtResource( 1 )]
transform = Transform( -0.316676, 0, -0.948534, 0, 1, 0, 0.948534, 0, -0.316676, -9.8084, -2.59671, 1.41616 )

[node name="Item_Tree98" parent="Items/grave_stone_group" instance=ExtResource( 1 )]
transform = Transform( 1.36202, 0, 2.673, 0, 3, 0, -2.673, 0, 1.36202, -5.23143, -13.8675, 34.5526 )

[node name="Item_Tree100" parent="Items/grave_stone_group" instance=ExtResource( 1 )]
transform = Transform( 0.726409, 0, 1.4256, 0, 1.6, 0, -1.4256, 0, 0.726409, -1.46993, -3.6887, 9.90878 )

[node name="Item_Tree115" parent="Items/grave_stone_group" instance=ExtResource( 1 )]
transform = Transform( 0.908012, 0, 1.782, 0, 2, 0, -1.782, 0, 0.908012, 26.9294, -5.70984, 27.9792 )

[node name="Item_Tree91" parent="Items/grave_stone_group" instance=ExtResource( 1 )]
transform = Transform( 5.22273, 0, 5.38267, 0, 7.5, 0, -5.38267, 0, 5.22273, 85.281, -11.9833, -21.2395 )

[node name="Item_FlatRock185" parent="Items/grave_stone_group" instance=ExtResource( 5 )]
transform = Transform( 2.50658, 3.13822, -2.1748, 3.81812, -2.06839, 1.41592, -0.0120124, -2.59508, -3.75853, -50.019, -2.44987, 3.50871 )

[node name="Item_Tree80" parent="Items/grave_stone_group" instance=ExtResource( 1 )]
transform = Transform( 2.02846, 0, -0.851686, 0, 2.2, 0, 0.851686, 0, 2.02846, -46.4717, -7.34969, 16.997 )

[node name="Item_Tree117" parent="Items/grave_stone_group" instance=ExtResource( 1 )]
transform = Transform( 1.90724, 0, 0.602008, 0, 2, 0, -0.602008, 0, 1.90724, 0.126984, 1.98789, -27.877 )

[node name="Item_FlatRock112" parent="Items/grave_stone_group" instance=ExtResource( 5 )]
transform = Transform( -0.419122, 2.51427, -2.93954, 4.72769, 0.512627, 0.312465, 0.716409, -1.91198, -3.78173, -13.8748, 10.9919, -26.591 )

[node name="Item_FlatRock116" parent="Items/grave_stone_group/Item_FlatRock112" instance=ExtResource( 5 )]
transform = Transform( 0.8, 1.32248e-07, -4.82891e-08, -7.45058e-08, 1.42, -1.81794e-07, 6.33299e-08, 4.23193e-07, 0.61, 1.37282, 3.8147e-06, 9.53674e-07 )

[node name="Item_FlatRock113" parent="Items/grave_stone_group" instance=ExtResource( 5 )]
transform = Transform( -0.359326, -1.09149, -4.2388, 4.54579, 0.0694295, -0.426781, 0.253375, -2.79353, 1.64558, -111.386, -0.927651, -2.83466 )

[node name="Item_FlatRock114" parent="Items/grave_stone_group" instance=ExtResource( 5 )]
transform = Transform( 1.06801, 2.46575, -2.37205, 4.40856, -0.780288, 0.105195, -0.5305, -1.52027, -3.90126, -71.9754, -4.14483, 10.3607 )

[node name="Item_FlatRock115" parent="Items/grave_stone_group" instance=ExtResource( 5 )]
transform = Transform( 1.82787, 1.64506, -3.84887, 3.56614, -2.81098, 0.492138, -2.1915, -3.20208, -2.40938, -74.9388, -1.23263, -12.597 )

[node name="Item_FlatRock136" parent="Items/grave_stone_group" instance=ExtResource( 5 )]
transform = Transform( 1.83811, -3.97727, 1.28988, 4.17843, 1.69595, -0.725002, 0.152375, 1.47181, 4.32107, -84.3277, 9.40866, -47.8978 )

[node name="Item_FlatRock137" parent="Items/grave_stone_group" instance=ExtResource( 5 )]
transform = Transform( -0.387043, 3.779, -2.53584, 4.50917, -0.0257049, -0.726537, -0.615397, -2.56508, -3.72864, -94.649, -11.0365, -46.149 )

[node name="Item_FlatRock138" parent="Items/grave_stone_group" instance=ExtResource( 5 )]
transform = Transform( -0.763412, 3.68787, -2.58417, 4.45647, 0.242324, -0.970703, -0.646675, -2.68366, -3.63881, -63.7631, 5.95305, -28.3023 )

[node name="Item_FlatRock189" parent="Items/grave_stone_group" instance=ExtResource( 5 )]
transform = Transform( 0.361796, 3.09399, -3.34028, 4.52655, -0.605411, -0.0704868, -0.490504, -3.30483, -3.11427, -147.731, -4.94752, -113.918 )

[node name="Item_FlatRock191" parent="Items/grave_stone_group" instance=ExtResource( 5 )]
transform = Transform( 0.361796, 3.09399, -3.34028, 4.52655, -0.605411, -0.0704868, -0.490504, -3.30483, -3.11427, -114.206, -10.304, -102.921 )

[node name="Item_FlatRock193" parent="Items/grave_stone_group" instance=ExtResource( 5 )]
transform = Transform( 1.98283, 2.54695, -3.2315, 4.02455, -1.94672, 0.935104, -0.855882, -3.25338, -3.08936, -94.178, -10.8948, -74.738 )

[node name="Item_FlatRock195" parent="Items/grave_stone_group" instance=ExtResource( 5 )]
transform = Transform( -0.576782, 3.69348, -2.62424, 4.51173, 0.225543, -0.674193, -0.415606, -2.6774, -3.67695, -92.097, -9.09792, -93.69 )

[node name="Item_FlatRock197" parent="Items/grave_stone_group" instance=ExtResource( 5 )]
transform = Transform( -0.576782, 3.69348, -2.62424, 4.51173, 0.225543, -0.674193, -0.415606, -2.6774, -3.67695, -60.486, -5.94811, -76.697 )

[node name="Item_FlatRock198" parent="Items/grave_stone_group" instance=ExtResource( 5 )]
transform = Transform( 0.931451, 2.36175, -3.7968, 4.39353, -1.20412, 0.328835, -0.830926, -3.71933, -2.51741, -45.8729, 10.7189, -45.6261 )

[node name="Item_Tree125" parent="Items/grave_stone_group" instance=ExtResource( 1 )]
transform = Transform( 3.18408, 0, -0.31877, 0, 3.2, 0, 0.31877, 0, 3.18408, -23.81, 5.80598, -39.394 )

[node name="Item_Tree126" parent="Items/grave_stone_group" instance=ExtResource( 1 )]
transform = Transform( -1.93841, 0, 0.49251, 0, 2, 0, -0.49251, 0, -1.93841, 38.7625, 9.96368, -38.6558 )

[node name="Item_Tree130" parent="Items/grave_stone_group" instance=ExtResource( 1 )]
transform = Transform( -9.97487, -0.561973, -4.60284, -1.27103, 10.8321, 1.43194, 4.45942, 1.83034, -9.88754, 38.7037, -21.6056, -64.0508 )

[node name="Item_Tree189" parent="Items/grave_stone_group" instance=ExtResource( 1 )]
transform = Transform( -5.9929, -1.07645, -2.54684, -1.08069, 6.50761, -0.207549, 2.54504, 0.228566, -6.08527, -128.238, -9.21657, 27.8837 )

[node name="Item_Tree190" parent="Items/grave_stone_group" instance=ExtResource( 1 )]
transform = Transform( -3.32292, -0.456456, -7.81024, 0.108088, 8.48203, -0.541705, 7.82282, -0.311087, -3.31009, -141.382, -7.75399, 14.3433 )

[node name="Item_TallRock68" parent="Items" instance=ExtResource( 3 )]
transform = Transform( 3.10861, -1.80713, -3.20297, 0.491445, 8.80134, -0.905294, 2.48336, 0.520377, 4.18856, 109.679, 9.4608, -48.3591 )

[node name="rock_wall" type="Spatial" parent="Items"]
transform = Transform( -0.820351, 0.501439, 0.274925, 0.351898, 0.0636889, 0.933869, 0.450769, 0.862846, -0.228703, -52.3441, -7.86716, 24.4174 )

[node name="rock_wall2" type="Spatial" parent="Items/rock_wall"]
transform = Transform( 1, 5.96046e-08, -6.70552e-08, -5.96046e-08, 1, -2.98023e-08, 6.70552e-08, 2.98023e-08, 1, -1.14441e-05, 5.72205e-06, -3.8147e-06 )

[node name="Item_TallRock72" parent="Items/rock_wall/rock_wall2" instance=ExtResource( 3 )]
transform = Transform( 2.96587, -1.56893, 3.47667, 2.63823, 3.49711, -3.45044, -0.561573, 8.14302, 2.15168, 55.7058, -5.68865, -3.64761 )

[node name="Item_TallRock73" parent="Items/rock_wall/rock_wall2" instance=ExtResource( 3 )]
transform = Transform( -0.857434, 0.312952, 5.09253, -4.83376, -0.20216, -0.892883, 0.142057, -4.98993, 0.35556, 53.0159, 2.96912, 26.2727 )

[node name="rock_wall_Item_FlatRock2" parent="Items/rock_wall" instance=ExtResource( 5 )]
transform = Transform( 8, 0, 0, 0, 11.8177, -5.20945, 0, 2.08378, 29.5442, 40, 3.8147e-06, -1.90735e-06 )

[node name="rock_wall_Item_FlatRock3" parent="Items/rock_wall" instance=ExtResource( 5 )]
transform = Transform( 8, 0, 0, 0, 11.9343, -3.13585, 0, 1.25434, 29.8357, 20, 7.62939e-06, -1.90735e-06 )

[node name="rock_wall_Item_FlatRock4" parent="Items/rock_wall" instance=ExtResource( 5 )]
transform = Transform( 8, 0, 0, 0, 11.9927, -1.04698, 0, 0.418794, 29.9817, -1.52588e-05, 5.72205e-06, -3.8147e-06 )

[node name="rock_wall_Item_FlatRock5" parent="Items/rock_wall" instance=ExtResource( 5 )]
transform = Transform( 8, 0, 0, 0, 11.9982, -0.523572, 0, 0.209429, 29.9954, -20, 5.72205e-06, -7.62939e-06 )

[node name="rock_wall_Item_FlatRock6" parent="Items/rock_wall" instance=ExtResource( 5 )]
transform = Transform( 8, 0, 1.90735e-06, 2.38419e-07, 12, 1.43051e-06, 0, 0, 30, -40, 1.14441e-05, -7.62939e-06 )

[node name="rock_wall_2" type="Spatial" parent="Items"]
transform = Transform( 0.170792, -0.0920073, -0.981002, -0.201685, 0.971285, -0.126209, 0.964444, 0.219409, 0.147331, 57.678, -17.5601, -52.7869 )

[node name="Item_TallRock91" parent="Items/rock_wall_2" instance=ExtResource( 3 )]
transform = Transform( 3.85481, -2.24557, 0.113485, 1.09958, 7.88367, -0.111762, -0.0588248, 0.212418, 5.34763, 3.84249, 8.37487, -39.2708 )

[node name="Item_TallRock92" parent="Items/rock_wall_2" instance=ExtResource( 3 )]
transform = Transform( 3.72661, -2.33549, 1.40103, 1.09958, 8.65281, -0.111762, -0.987624, 0.821207, 5.16209, 5.21429, 12.1912, -22.6415 )

[node name="Item_TallRock93" parent="Items/rock_wall_2" instance=ExtResource( 3 )]
transform = Transform( 5.50841, 0.260572, 1.96994, 0.125121, 9.92121, -0.660681, -2.18428, 1.22544, 4.93004, 5.35839, 14.5068, -7.02988 )

[node name="Item_TallRock94" parent="Items/rock_wall_2" instance=ExtResource( 3 )]
transform = Transform( 6.8233, -0.419168, 2.01581, 0.382287, 7.98871, 0.0625207, -2.78053, 0.0697238, 4.95531, 5.50617, 10.9583, 8.98067 )

[node name="Item_TallRock509" parent="Items/rock_wall_2" instance=ExtResource( 3 )]
transform = Transform( 0.546277, 0.373135, -2.92615, 0.886808, 2.81747, 0.524834, 2.81339, -0.960544, 0.40274, -4.58137, 12.3041, 23.4937 )

[node name="shifted_pillars" type="Spatial" parent="Items"]
transform = Transform( 0.976046, 0, -0.217564, 0, 1, 0, 0.217564, 0, 0.976046, -143.755, 29.1126, 60.128 )

[node name="Item_FlatRock384" parent="Items/shifted_pillars" instance=ExtResource( 5 )]
transform = Transform( -4.3601, 1.33373, -2.93158, 1.71736, 4.90047, -0.406748, 2.30726, -1.12718, -5.23714, 64.6498, -16.5727, 42.2307 )

[node name="shifted_pillar_1" type="Spatial" parent="Items/shifted_pillars"]
transform = Transform( 0.786432, 0.102488, -0.609116, 0.0100823, 0.983877, 0.178562, 0.617596, -0.146568, 0.772718, 9.90221, -10.2563, 7.81615 )

[node name="Item_FlatRock385" parent="Items/shifted_pillars/shifted_pillar_1" instance=ExtResource( 5 )]
transform = Transform( 5.22333, -3.42727e-07, -2.14577e-06, -2.23517e-08, 5.20231, -2.98023e-07, 2.38419e-07, 1.49012e-08, 6.01557, 0, 0, 0 )

[node name="Item_FlatRock386" parent="Items/shifted_pillars/shifted_pillar_1" instance=ExtResource( 5 )]
transform = Transform( 6.20273, -1.06434, 1.31684, 2.0728, 3.50025, -0.429083, -1.27989, 0.510555, 5.68688, 4.48724, 8.32545, 2.35049 )

[node name="Item_FlatRock388" parent="Items/shifted_pillars/shifted_pillar_1" instance=ExtResource( 5 )]
transform = Transform( 5.53824, -1.17776, -0.0960933, 1.73719, 3.16323, 1.98693, -0.684752, -1.50069, 4.26357, 9.20896, 16.1802, 3.44932 )

[node name="Item_FlatRock390" parent="Items/shifted_pillars/shifted_pillar_1" instance=ExtResource( 5 )]
transform = Transform( 3.67469, -0.63859, -2.63628, 1.4993, 4.17747, 1.07796, 2.26049, -1.73267, 3.5706, 13.4031, 23.5969, 4.61198 )

[node name="Item_FlatRock392" parent="Items/shifted_pillars/shifted_pillar_1" instance=ExtResource( 5 )]
transform = Transform( 1.79356, -2.05144, -3.66548, -0.0995879, 3.96377, -2.2671, 4.19932, 0.970186, 1.51179, 16.3817, 30.6306, 10.7148 )

[node name="Item_FlatRock394" parent="Items/shifted_pillars/shifted_pillar_1" instance=ExtResource( 5 )]
transform = Transform( 5.47883, 1.02488, -2.14103, -1.02714, 5.09511, 0.618698, 2.21979, -0.171976, 5.57074, 22.8471, 36.5322, 12.4543 )

[node name="shifted_pillar_2" type="Spatial" parent="Items/shifted_pillars"]
transform = Transform( 0.965265, 0.0572972, -0.254911, -0.0070109, 0.980986, 0.193951, 0.261177, -0.185427, 0.947313, -25.7722, 4.17419, 42.3337 )

[node name="Item_FlatRock203" parent="Items/shifted_pillars/shifted_pillar_2" instance=ExtResource( 5 )]
transform = Transform( 5.18035, 4.47035e-08, -3.33786e-06, 1.49012e-08, 5.18035, 3.57628e-07, 2.38419e-07, 0, 5.18034, 0, 0, 0 )

[node name="Item_FlatRock240" parent="Items/shifted_pillars/shifted_pillar_2" instance=ExtResource( 5 )]
transform = Transform( 3.6596, 0.0440918, 0.500611, -0.0162905, 3.68818, -0.205751, -0.502285, 0.20163, 3.65408, 0.905998, 7.04785, 0.510529 )

[node name="Item_FlatRock249" parent="Items/shifted_pillars/shifted_pillar_2" instance=ExtResource( 5 )]
transform = Transform( 3.69368, 0.0440918, -0.00120282, -0.0440916, 3.68818, -0.20163, -0.00120592, 0.20163, 3.68843, 1.60184, 13.6884, 0.0928345 )

[node name="Item_FlatRock355" parent="Items/shifted_pillars/shifted_pillar_2" instance=ExtResource( 5 )]
transform = Transform( 3.56504, 0.0545175, -2.85457, -0.198329, 4.56027, -0.160598, 2.84819, 0.249307, 3.56184, 0.783821, 21.0942, 0.925598 )

[node name="Item_FlatRock357" parent="Items/shifted_pillars/shifted_pillar_2" instance=ExtResource( 5 )]
transform = Transform( 3.14419, 0.0545175, -3.31242, -0.218307, 4.56027, -0.132165, 3.30567, 0.249307, 3.14188, 2.65684, 29.1084, 3.78017 )

[node name="Item_FlatRock359" parent="Items/shifted_pillars/shifted_pillar_2" instance=ExtResource( 5 )]
transform = Transform( 4.4406, -0.28185, -2.65833, 0.768616, 6.34655, 0.857775, 2.55466, -1.41955, 4.36274, 5.65609, 38.0375, 5.90674 )

[node name="Item_FlatRock371" parent="Items/shifted_pillars/shifted_pillar_2" instance=ExtResource( 5 )]
transform = Transform( 4.10701, 1.58963, -2.72793, -0.467839, 4.73286, 2.05359, 3.12244, -1.38173, 3.89579, 12.0065, 46.8384, 8.73849 )

[node name="Item_FlatRock382" parent="Items/shifted_pillars/shifted_pillar_2" instance=ExtResource( 5 )]
transform = Transform( 4.35028, -0.511814, -2.83204, -0.186369, 3.36886, -2.10344, 2.45771, 1.1614, 4.85336, 23.6747, 56.1017, 8.50925 )

[node name="shifted_pillar_3" type="Spatial" parent="Items/shifted_pillars"]
transform = Transform( 0.993727, 0.111797, 0.00328884, -0.110225, 0.973917, 0.19833, 0.0189696, -0.197448, 0.980132, 99.008, -14.8176, 77.2098 )

[node name="Item_FlatRock400" parent="Items/shifted_pillars/shifted_pillar_3" instance=ExtResource( 5 )]
transform = Transform( 5.18035, -2.98023e-08, -2.38419e-07, 1.49012e-07, 5.18035, 1.56462e-07, 1.19209e-07, 0, 5.18035, 0, 0, 0 )

[node name="Item_FlatRock402" parent="Items/shifted_pillars/shifted_pillar_3" instance=ExtResource( 5 )]
transform = Transform( 3.65006, 0.27627, 0.495947, -0.2573, 3.68162, -0.157198, -0.506054, 0.120786, 3.65713, 3.64281, 8.53299, 0.206558 )

[node name="Item_FlatRock404" parent="Items/shifted_pillars/shifted_pillar_3" instance=ExtResource( 5 )]
transform = Transform( 3.48798, -1.21288, -0.0900503, 1.21288, 3.44862, 0.530271, -0.090045, -0.530271, 3.65457, 8.52982, 15.1487, -0.656647 )

[node name="shifted_pillar_4" type="Spatial" parent="Items/shifted_pillars"]
transform = Transform( -0.447766, 0.0364182, -0.893408, 0.0754676, 0.997144, 0.00282335, 0.89096, -0.0661593, -0.449235, 34.3576, -5.16378, 74.518 )

[node name="Item_FlatRock117" parent="Items/shifted_pillars/shifted_pillar_4" instance=ExtResource( 5 )]
transform = Transform( 6.94994, 4.17233e-07, 7.15256e-06, 1.19209e-07, 5.18034, -2.20537e-06, 4.76837e-07, 1.19209e-07, 6.94993, 0, 0, 0 )

[node name="Item_FlatRock239" parent="Items/shifted_pillars/shifted_pillar_4" instance=ExtResource( 5 )]
transform = Transform( 5.37921, 2.0544, -3.89167, -0.724972, 4.88161, 1.5749, 4.29182, -1.09073, 5.35651, -3.25261, 4.327, -3.62757 )

[node name="Item_FlatRock119" parent="Items/shifted_pillars/shifted_pillar_4" instance=ExtResource( 5 )]
transform = Transform( 6.34422, -2.78307, -0.554179, 1.90559, 4.61732, -1.37299, 1.23156, 1.4776, 6.67845, -1.84016, 10.1241, -0.593842 )

[node name="Item_FlatRock121" parent="Items/shifted_pillars/shifted_pillar_4" instance=ExtResource( 5 )]
transform = Transform( 4.63777, 1.84288, 0.30804, -1.83867, 4.35486, 1.62924, 0.332212, -1.62449, 4.71706, -7.21036, 16.1591, -6.78242 )

[node name="Item_FlatRock123" parent="Items/shifted_pillars/shifted_pillar_4" instance=ExtResource( 5 )]
transform = Transform( 1.2991, -0.221616, 4.70414, 1.63592, 3.40417, 0.274744, -4.3427, 2.00964, 1.28892, -10.2169, 20.5589, -13.5127 )

[node name="Item_FlatRock125" parent="Items/shifted_pillars/shifted_pillar_4" instance=ExtResource( 5 )]
transform = Transform( 5.1585, -1.81262, 2.56725, 0.76094, 3.74704, 2.70261, -3.1824, -2.59638, 4.54725, -11.5409, 25.2187, -19.0914 )

[node name="Item_FlatRock248" parent="Items/shifted_pillars/shifted_pillar_4" instance=ExtResource( 5 )]
transform = Transform( 5.5745, 2.09869, -1.0035, -1.02494, 4.56405, -0.20591, 0.891581, 0.503259, 6.04137, -15.1029, 30.8395, -20.6833 )

[node name="Item_FlatRock129" parent="Items/shifted_pillars/shifted_pillar_4" instance=ExtResource( 5 )]
transform = Transform( 3.85342, -3.97995, 4.03087, 3.20362, 3.76016, 1.9495, -4.40863, 1.07455, 5.26397, -18.5627, 37.2221, -31.2143 )

[node name="Item_FlatRock131" parent="Items/shifted_pillars/shifted_pillar_4" instance=ExtResource( 5 )]
transform = Transform( 5.0975, 3.32531, 3.04264, -2.84957, 4.34263, 1.97008, -2.13764, -2.69739, 5.86809, -22.2343, 48.4531, -35.2161 )

[node name="Item_FlatRock133" parent="Items/shifted_pillars/shifted_pillar_4" instance=ExtResource( 5 )]
transform = Transform( 2.54288, -3.13669, 2.74967, 2.4045, 2.47188, 1.56469, -3.15684, 0.734616, 3.74882, -27.3703, 57.4162, -38.7522 )

[node name="Item_FlatRock156" parent="Items/shifted_pillars/shifted_pillar_4" instance=ExtResource( 5 )]
transform = Transform( 4.04359, 0.86956, 2.59981, -0.36211, 3.75485, 0.331729, -2.57387, -0.594426, 4.19295, -29.1198, 63.953, -38.9812 )

[node name="shifted_plillar_x" type="Spatial" parent="Items/shifted_pillars"]
transform = Transform( 0.481524, 0, -0.876433, 0, 1, 0, 0.876433, 0, 0.481524, 131.735, -40.3806, 9.03399 )

[node name="Item_FlatRock116" parent="Items/shifted_pillars/shifted_plillar_x" instance=ExtResource( 5 )]
transform = Transform( -5.16444, 0, -0.677094, 0, 7.2, 0, 0.60705, 0, -5.76034, 0, 0, 0 )

[node name="Item_FlatRock118" parent="Items/shifted_pillars/shifted_plillar_x" instance=ExtResource( 5 )]
transform = Transform( -2.80596, -2.16961e-06, -4.70577, 1.08057, 4.99583, -0.940758, 3.74152, -1.44282, -3.25741, 1.07801, 11.0892, -0.971375 )

[node name="Item_FlatRock120" parent="Items/shifted_pillars/shifted_plillar_x" instance=ExtResource( 5 )]
transform = Transform( -1.68816, 5.63264e-07, -3.88623, -1.68716, 3.55998, 1.09482, 2.69511, 2.22858, -1.74888, 1.85471, 18.7934, 0.274567 )

[node name="Item_FlatRock122" parent="Items/shifted_pillars/shifted_plillar_x" instance=ExtResource( 5 )]
transform = Transform( -1.82057, 0.917176, -3.50255, 1.53092, 3.36047, 0.108878, 2.82621, -1.2295, -2.31523, 2.92352, 25.4091, 3.56601 )

[node name="Item_FlatRock124" parent="Items/shifted_pillars/shifted_plillar_x" instance=ExtResource( 5 )]
transform = Transform( -4.62406, -1.87755e-06, -1.39497, -0.564416, 4.31432, 2.19574, 1.15738, 2.10395, -4.50253, 2.32417, 32.839, 6.77213 )

[node name="Item_FlatRock241" parent="Items/shifted_pillars/shifted_plillar_x" instance=ExtResource( 5 )]
transform = Transform( -3.17688, -2.34374, 2.37233, -2.21169, 4.25059, 0.00200127, -1.62968, -1.19975, -4.62731, 4.09705, 40.2473, 13.9107 )

[node name="Item_FlatRock128" parent="Items/shifted_pillars/shifted_plillar_x" instance=ExtResource( 5 )]
transform = Transform( -4.54075, 1.47578, -2.45618, 1.40406, 4.9842, 0.567255, 2.10955, -0.140784, -5.6644, 4.0414, 49.6067, 18.9291 )

[node name="Item_FlatRock130" parent="Items/shifted_pillars/shifted_plillar_x" instance=ExtResource( 5 )]
transform = Transform( -5.50586, -1.84185, -1.89287, -1.7759, 5.71031, -0.610541, 1.59112, 8.9407e-07, -7.23148, 3.80486, 60.0319, 16.7978 )

[node name="Item_FlatRock132" parent="Items/shifted_pillars/shifted_plillar_x" instance=ExtResource( 5 )]
transform = Transform( -4.68685, 3.06245, -2.87667, 2.78186, 5.15959, 1.70743, 2.50892, -3.93391e-06, -7.26701, 4.48845, 70.7931, 8.77568 )

[node name="Item_FlatRock238" parent="Items/shifted_pillars/shifted_plillar_x" instance=ExtResource( 5 )]
transform = Transform( -4.36021, -1.36793e-06, -2.59254, 0.125224, 4.79065, -0.351379, 2.00322, -0.299473, -5.62097, 0.45208, 5.49511, -0.333832 )

[node name="rock_pillar_2" type="Spatial" parent="Items"]
transform = Transform( -5.44728, -3.07269e-07, -2.51538, -1.95973e-07, 12, 5.79294e-08, 2.51538, 2.69502e-07, -5.44728, -177.687, -4.93366, 34.5636 )

[node name="Item_FlatRock7" parent="Items/rock_pillar_2" instance=ExtResource( 5 )]
transform = Transform( 1.08761, 6.5879e-11, -0.187093, 3.04472e-10, 1, 2.62566e-10, 0.164641, 4.52881e-10, 1.23592, -0.446084, 2.62641, -0.466268 )

[node name="Item_FlatRock9" parent="Items/rock_pillar_2" instance=ExtResource( 5 )]
transform = Transform( 0.870324, 5.92909e-11, -0.14093, 2.45928e-10, 0.9, 1.82672e-10, 0.14093, 4.07593e-10, 0.870324, -0.417775, 3.01451, -0.527621 )

[node name="Item_FlatRock13" parent="Items/rock_pillar_2" instance=ExtResource( 5 )]
transform = Transform( 0.986809, 0, 0.162304, -3.46945e-18, 0.518035, 3.60822e-16, -0.162304, -1.11022e-16, 0.986809, -0.356461, 3.6602, -0.442405 )

[node name="Item_FlatRock14" parent="Items/rock_pillar_2" instance=ExtResource( 5 )]
transform = Transform( 0.778854, 0, 0.627312, -3.95517e-16, 0.518035, 2.498e-16, -0.627312, -1.11022e-16, 0.778854, 0.0406322, 4.12496, -0.372291 )

[node name="Item_FlatRock15" parent="Items/rock_pillar_2" instance=ExtResource( 5 )]
transform = Transform( 1.00007, 0, 2.98023e-08, 1.38778e-17, 0.518035, 3.1225e-17, 0, -1.11022e-16, 1.00007, -0.00958872, 4.58634, -0.421132 )

[node name="Item_FlatRock16" parent="Items/rock_pillar_2" instance=ExtResource( 5 )]
transform = Transform( 0.703495, 2.22045e-16, -0.116816, 6.93889e-18, 0.72, 7.97973e-17, 0.116816, 0, 0.703495, -0.0126886, 5.10808, -0.434775 )

[node name="Item_FlatRock20" parent="Items/rock_pillar_2" instance=ExtResource( 5 )]
transform = Transform( 0.451926, -0.0691912, -0.754162, 0.00164143, 0.455044, -0.0379137, 0.757107, 0.0373547, 0.450497, -0.224042, 5.82053, -0.301344 )

[node name="Item_FlatRock21" parent="Items/rock_pillar_2" instance=ExtResource( 5 )]
transform = Transform( -0.181317, -0.223354, -0.835526, 0.00459275, 0.44198, -0.111079, 0.862843, -0.0563456, -0.173211, -0.086668, 6.48564, -0.24096 )

[node name="Item_FlatRock22" parent="Items/rock_pillar_2" instance=ExtResource( 5 )]
transform = Transform( 0.802961, -0.358122, -0.114987, 0.180981, 0.408446, 0.0785852, 0.0412112, -0.197184, 0.859963, -0.664154, 7.11257, -0.663761 )

[node name="Item_FlatRock23" parent="Items/rock_pillar_2" instance=ExtResource( 5 )]
transform = Transform( 0.591405, 0.0189226, -0.653733, 0.100624, 0.431775, 0.102674, 0.622254, -0.297271, 0.55491, -0.696789, 7.629, -2.14814 )

[node name="Item_FlatRock93" parent="Items/rock_pillar_2" instance=ExtResource( 5 )]
transform = Transform( 0.627646, -0.277885, 0.727307, 0.20972, 0.473685, 0, -0.665041, 0.294441, 0.686411, -1.09056, 8.29169, -0.605424 )

[node name="odd_tree" type="Spatial" parent="Items"]
transform = Transform( 0.925117, 0, -0.379682, 0, 1, 0, 0.379682, 0, 0.925117, 111.895, -15.2205, -100.432 )

[node name="Item_Tree14" parent="Items/odd_tree" instance=ExtResource( 1 )]
transform = Transform( 4.49047, 0, 4.72073, 0, 6.3346, 0, -4.54461, 0, 4.32293, 0, 0, 0 )

[node name="Item_Tree10" parent="Items/odd_tree" instance=ExtResource( 1 )]
transform = Transform( -4.49044, -0.0235493, -4.7207, 0.0166936, -6.33455, 0.0175496, -4.54461, 0, 4.32293, 0, 111.773, 0 )

[node name="Item_Tree16" parent="Items/odd_tree" instance=ExtResource( 1 )]
transform = Transform( -3.54692, 3.88479, -3.72879, -2.75385, -5.00355, -2.89506, -4.54461, 0, 4.32293, -29.712, 101.013, 0 )

[node name="Item_Tree15" parent="Items/odd_tree" instance=ExtResource( 1 )]
transform = Transform( -3.79113, -3.3949, -3.98553, 2.40658, -5.34806, 2.52998, -4.54461, 0, 4.32293, 27.675, 104.904, 0 )

[node name="Item_Tree17" parent="Items/odd_tree" instance=ExtResource( 1 )]
transform = Transform( -4.03743, -1.44407, -4.0861, -0.974143, -4.2026, 3.10129, -4.33015, 2.2919, 3.11219, 38.759, 138.262, -18.998 )

[node name="Item_Tree18" parent="Items/odd_tree" instance=ExtResource( 1 )]
transform = Transform( -1.91042, 3.42771, 4.95488, -1.03728, -5.32435, 3.26674, 6.00767, 0.170704, 2.39805, -54.991, 148.087, 0.973999 )

[node name="Item_Hedge10" parent="Items/odd_tree" instance=ExtResource( 6 )]
transform = Transform( 0.379362, -0.141414, 7.98975, 0, 7.99875, 0.141574, -7.991, -0.00671345, 0.379302, -2.26096, 114.939, -0.970184 )

[node name="Item_Hedge12" parent="Items/odd_tree" instance=ExtResource( 6 )]
transform = Transform( 0.237101, -0.088384, 4.99359, 0, 4.99922, 0.0884835, -4.99438, -0.00419591, 0.237064, 40.3936, 142.479, -19.4698 )

[node name="Item_Hedge14" parent="Items/odd_tree" instance=ExtResource( 6 )]
transform = Transform( -11.1842, 2.1919, -3.75627, 3.74924, -0.392837, -11.3925, -2.2039, -11.7916, -0.3187, -36.5325, 143.955, 3.51122 )

[node name="Item_Hedge11" parent="Items/odd_tree" instance=ExtResource( 6 )]
transform = Transform( 0.237101, -0.088384, 4.99359, 0, 4.99922, 0.0884835, -4.99438, -0.00419591, 0.237064, 7.534, 98.196, 3.694 )

[node name="Item_Hedge13" parent="Items/odd_tree" instance=ExtResource( 6 )]
transform = Transform( 0.474202, -0.176768, 9.98719, 0, 9.99843, 0.176967, -9.98875, -0.00839181, 0.474128, 17.858, 125.042, 3.694 )

[node name="eye_wall" type="Spatial" parent="Items"]
transform = Transform( -0.905367, -0.416066, 0.0848494, -0.404397, 0.905785, 0.126557, -0.129511, 0.0802676, -0.988324, -104.592, 5.70047, -44.26 )

[node name="Item_Hedge201" parent="Items/eye_wall" instance=ExtResource( 6 )]
transform = Transform( 0.0680487, 1.94224, -0.472324, 0.0311752, -0.473574, -1.94287, -1.9986, 0.0587425, -0.0463875, -3.21859, 1.52993, -42.3312 )

[node name="Item_Hedge203" parent="Items/eye_wall" instance=ExtResource( 6 )]
transform = Transform( 0.0680488, 1.68876, -1.06933, 0.0311751, -1.07072, -1.68896, -1.9986, 0.040798, -0.062754, 9.64343, 20.4379, -48.4554 )

[node name="Item_Hedge205" parent="Items/eye_wall" instance=ExtResource( 6 )]
