[gd_scene load_steps=18 format=2]

[ext_resource path="res://MainMenu.tscn" type="PackedScene" id=1]
[ext_resource path="res://Prefabs/Terrain.tscn" type="PackedScene" id=2]
[ext_resource path="res://Prefabs/Items/Item_FlatRock.tscn" type="PackedScene" id=3]
[ext_resource path="res://Audio/Music/music_layer2_v01.ogg" type="AudioStream" id=4]
[ext_resource path="res://Audio/Music/music_layer1_v03.ogg" type="AudioStream" id=5]
[ext_resource path="res://Spielwelt.gd" type="Script" id=6]
[ext_resource path="res://MusicManager.gd" type="Script" id=7]
[ext_resource path="res://Prefabs/Prefab_SkyClock.tscn" type="PackedScene" id=8]
[ext_resource path="res://ItemManager.gd" type="Script" id=9]
[ext_resource path="res://Prefabs/Items/Item_Tree.tscn" type="PackedScene" id=10]
[ext_resource path="res://Spawner.gd" type="Script" id=11]
[ext_resource path="res://Prefabs/Items/Item_TallRock.tscn" type="PackedScene" id=12]
[ext_resource path="res://Prefabs/Items/Item_Hedge.tscn" type="PackedScene" id=13]
[ext_resource path="res://PauseMenue.tscn" type="PackedScene" id=14]
[ext_resource path="res://GameOverMenue.tscn" type="PackedScene" id=15]

[sub_resource type="Animation" id=1]
resource_name = "FadeInLayer2"
length = 60.0
step = 1.0
tracks/0/type = "value"
tracks/0/path = NodePath("MusicLayer2:volume_db")
tracks/0/interp = 1
tracks/0/loop_wrap = true
tracks/0/imported = false
tracks/0/enabled = true
tracks/0/keys = {
"times": PoolRealArray( 0, 60 ),
"transitions": PoolRealArray( 1, 1 ),
"update": 0,
"values": [ -80.0, -7.0 ]
}

[sub_resource type="Animation" id=2]
length = 0.001
tracks/0/type = "value"
tracks/0/path = NodePath("MusicLayer2:volume_db")
tracks/0/interp = 1
tracks/0/loop_wrap = true
tracks/0/imported = false
tracks/0/enabled = true
tracks/0/keys = {
"times": PoolRealArray( 0 ),
"transitions": PoolRealArray( 1 ),
"update": 0,
"values": [ -80.0 ]
}

[node name="Spielwelt" type="Spatial"]
script = ExtResource( 6 )

[node name="Assets" type="Node" parent="."]

[node name="Boden" type="Node" parent="Assets"]

[node name="Terrain" parent="Assets/Boden" instance=ExtResource( 2 )]
transform = Transform( 10.2065, 0, 0, 0, 10.2065, 0, 0, 0, 10.2065, 0.394592, -1.5657, 0.724739 )

[node name="Items" type="Node" parent="Assets"]
script = ExtResource( 9 )

[node name="Item_Tree" parent="Assets/Items" instance=ExtResource( 10 )]
transform = Transform( 10.3223, 0, 2.14253, 0, 10.5423, 0, -2.14253, 0, 10.3223, -115.496, -5.28491, -7.61845 )

[node name="Item_Tree5" parent="Assets/Items" instance=ExtResource( 10 )]
transform = Transform( 1.95826, 0, 0.406463, 0, 2, 0, -0.406463, 0, 1.95826, -177.215, 29.5714, -7.61845 )

[node name="Item_Tree35" parent="Assets/Items" instance=ExtResource( 10 )]
transform = Transform( 0.979131, 0, 0.203232, 0, 1, 0, -0.203232, 0, 0.979131, -177.215, 29.9845, -21.0126 )

[node name="Item_Tree37" parent="Assets/Items" instance=ExtResource( 10 )]
transform = Transform( 0.489565, 0, 0.101616, 0, 0.5, 0, -0.101616, 0, 0.489565, -168.949, 31.6103, -33.8468 )

[node name="Item_Tree36" parent="Assets/Items" instance=ExtResource( 10 )]
transform = Transform( 2.93739, 0, 0.609695, 0, 3, 0, -0.609695, 0, 2.93739, -179.015, 31.0192, -35.4817 )

[node name="Item_Tree39" parent="Assets/Items" instance=ExtResource( 10 )]
transform = Transform( -1.32665, 0, 1.49666, 0, 2, 0, -1.49666, 0, -1.32665, -147.008, 22.2949, -45.5349 )

[node name="Item_Tree134" parent="Assets/Items" instance=ExtResource( 10 )]
transform = Transform( -1.32665, 0, 1.49666, 0, 2, 0, -1.49666, 0, -1.32665, -171.554, 29.9201, -42.9006 )

[node name="Item_Tree40" parent="Assets/Items" instance=ExtResource( 10 )]
transform = Transform( -0.663326, 0, 0.748331, 0, 1, 0, -0.748331, 0, -0.663326, -158.628, 23.58, -38.8727 )

[node name="Item_Tree41" parent="Assets/Items" instance=ExtResource( 10 )]
transform = Transform( -0.331663, 0, 0.374165, 0, 0.5, 0, -0.374165, 0, -0.331663, -173.873, 30.827, -39.6598 )

[node name="Item_Tree43" parent="Assets/Items" instance=ExtResource( 10 )]
transform = Transform( 1.95826, 0, 0.406463, 0, 2, 0, -0.406463, 0, 1.95826, -177.215, 28.4334, -47.3521 )

[node name="Item_Tree44" parent="Assets/Items" instance=ExtResource( 10 )]
transform = Transform( 0.979131, 0, 0.203232, 0, 1, 0, -0.203232, 0, 0.979131, -177.215, 29.9845, -60.7463 )

[node name="Item_Tree45" parent="Assets/Items" instance=ExtResource( 10 )]
transform = Transform( -0.331663, 0, 0.374165, 0, 0.5, 0, -0.374165, 0, -0.331663, -173.873, 31.6103, -79.3934 )

[node name="Item_Tree46" parent="Assets/Items" instance=ExtResource( 10 )]
transform = Transform( 1.12601, 0, 1.6529, 0, 2, 0, -1.6529, 0, 1.12601, -177.215, 28.4334, -47.3521 )

[node name="Item_Tree49" parent="Assets/Items" instance=ExtResource( 10 )]
transform = Transform( -0.628126, 0, 0.778112, 0, 1, 0, -0.778112, 0, -0.628126, -135.896, 16.1117, -46.2799 )

[node name="Item_Tree53" parent="Assets/Items" instance=ExtResource( 10 )]
transform = Transform( -0.628126, 0, 0.778112, 0, 1, 0, -0.778112, 0, -0.628126, -148.991, 22.5135, -38.8676 )

[node name="Item_Tree54" parent="Assets/Items" instance=ExtResource( 10 )]
transform = Transform( -0.628126, 0, 0.778112, 0, 1, 0, -0.778112, 0, -0.628126, -148.991, 24.2353, -55.6567 )

[node name="Item_Tree55" parent="Assets/Items" instance=ExtResource( 10 )]
transform = Transform( -0.628126, 0, 0.778112, 0, 1, 0, -0.778112, 0, -0.628126, -148.991, 21.2432, -27.3596 )

[node name="Item_Tree50" parent="Assets/Items" instance=ExtResource( 10 )]
transform = Transform( -0.314063, 0, 0.389056, 0, 0.5, 0, -0.389056, 0, -0.314063, -151.089, 24.3113, -47.7688 )

[node name="Item_Tree51" parent="Assets/Items" instance=ExtResource( 10 )]
transform = Transform( -0.628126, 0, 0.778112, 0, 1, 0, -0.778112, 0, -0.628126, -171.24, 29.9845, -28.1263 )

[node name="Item_Tree52" parent="Assets/Items" instance=ExtResource( 10 )]
transform = Transform( -1.86383, 0, -0.725331, 0, 2, 0, 0.725331, 0, -1.86383, -159.326, 25.5648, -34.2459 )

[node name="Item_Tree47" parent="Assets/Items" instance=ExtResource( 10 )]
transform = Transform( 0.979131, 0, 0.203232, 0, 1, 0, -0.203232, 0, 0.979131, -177.215, 33.0363, -60.7463 )

[node name="Item_Tree48" parent="Assets/Items" instance=ExtResource( 10 )]
transform = Transform( -0.331663, 0, 0.374165, 0, 0.5, 0, -0.374165, 0, -0.331663, -173.873, 31.6103, -79.3934 )

[node name="Item_Tree42" parent="Assets/Items" instance=ExtResource( 10 )]
transform = Transform( -2.99964, 0, 0.0466468, 0, 3, 0, -0.0466468, 0, -2.99964, -170.285, 26.9456, -30.1142 )

[node name="Item_Tree68" parent="Assets/Items" instance=ExtResource( 10 )]
transform = Transform( 1.95826, 0, 0.406463, 0, 2, 0, -0.406463, 0, 1.95826, -177.215, 23.2763, 27.1565 )

[node name="Item_Tree69" parent="Assets/Items" instance=ExtResource( 10 )]
transform = Transform( 0.182767, 0, 0.983157, 0, 1, 0, -0.983157, 0, 0.182767, -177.215, 25.1584, 13.7624 )

[node name="Item_Tree70" parent="Assets/Items" instance=ExtResource( 10 )]
transform = Transform( -1.25625, 0, 1.55622, 0, 2, 0, -1.55622, 0, -1.25625, -159.326, 18.5966, 0.529095 )

[node name="Item_Tree71" parent="Assets/Items" instance=ExtResource( 10 )]
transform = Transform( -1.98998, 0, 2.24499, 0, 3, 0, -2.24499, 0, -1.98998, -170.285, 23.6382, 4.66079 )

[node name="Item_Tree56" parent="Assets/Items" instance=ExtResource( 10 )]
transform = Transform( 0.930484, 0, -1.77036, 0, 2, 0, 1.77036, 0, 0.930484, -189.828, 37.8389, -69.5111 )

[node name="Item_Tree57" parent="Assets/Items" instance=ExtResource( 10 )]
transform = Transform( 0.870072, 0, -0.492925, 0, 1, 0, 0.492925, 0, 0.870072, -180.995, 33.0363, -79.58 )

[node name="Item_Tree58" parent="Assets/Items" instance=ExtResource( 10 )]
transform = Transform( 2.61022, 0, -1.47877, 0, 3, 0, 1.47877, 0, 2.61022, -172.806, 31.458, -91.644 )

[node name="Item_Tree72" parent="Assets/Items" instance=ExtResource( 10 )]
transform = Transform( 1.99164, 0, 0.182688, 0, 2, 0, -0.182688, 0, 1.99164, -212.134, 37.8389, -69.5111 )

[node name="Item_Tree73" parent="Assets/Items" instance=ExtResource( 10 )]
transform = Transform( 1.39054, 0, -2.65827, 0, 3, 0, 2.65827, 0, 1.39054, -195.112, 31.458, -100.166 )

[node name="Item_Tree59" parent="Assets/Items" instance=ExtResource( 10 )]
transform = Transform( -0.0102975, 0, 1.99997, 0, 2, 0, -1.99997, 0, -0.0102975, -142.115, 22.6311, -78.0938 )

[node name="Item_Tree60" parent="Assets/Items" instance=ExtResource( 10 )]
transform = Transform( -0.00514877, 0, 0.999987, 0, 1, 0, -0.999987, 0, -0.00514877, -155.244, 30.879, -80.7484 )

[node name="Item_Tree61" parent="Assets/Items" instance=ExtResource( 10 )]
transform = Transform( 1.90724, 0, 0.602008, 0, 2, 0, -0.602008, 0, 1.90724, -163.625, 35.0753, -99.3804 )

[node name="Item_Tree133" parent="Assets/Items" instance=ExtResource( 10 )]
transform = Transform( 1.90724, 0, 0.602008, 0, 2, 0, -0.602008, 0, 1.90724, -169.472, 35.0753, -117.903 )

[node name="Item_Tree62" parent="Assets/Items" instance=ExtResource( 10 )]
transform = Transform( 0.10786, 0, -0.994166, 0, 1, 0, 0.994166, 0, 0.10786, -154.792, 34.1744, -109.449 )

[node name="Item_Tree132" parent="Assets/Items" instance=ExtResource( 10 )]
transform = Transform( 0.10786, 0, -0.994166, 0, 1, 0, 0.994166, 0, 0.10786, -153.493, 33.4018, -97.476 )

[node name="Item_Tree101" parent="Assets/Items" instance=ExtResource( 10 )]
transform = Transform( -1.25625, 0, 1.55622, 0, 2, 0, -1.55622, 0, -1.25625, -153.462, 20.7381, 189.845 )

[node name="Item_Tree102" parent="Assets/Items" instance=ExtResource( 10 )]
transform = Transform( -1.98998, 0, 2.24499, 0, 3, 0, -2.24499, 0, -1.98998, -170.285, 22.1551, 193.977 )

[node name="Item_Tree103" parent="Assets/Items" instance=ExtResource( 10 )]
transform = Transform( 0.930484, 0, -1.77036, 0, 2, 0, 1.77036, 0, 0.930484, -189.828, 28.0435, 45.9998 )

[node name="Item_Tree104" parent="Assets/Items" instance=ExtResource( 10 )]
transform = Transform( 0.870072, 0, -0.492925, 0, 1, 0, 0.492925, 0, 0.870072, -180.995, 29.9845, 109.736 )

[node name="Item_Tree105" parent="Assets/Items" instance=ExtResource( 10 )]
transform = Transform( 2.61022, 0, -1.47877, 0, 3, 0, 1.47877, 0, 2.61022, -172.806, 23.3041, 97.6719 )

[node name="Item_Tree106" parent="Assets/Items" instance=ExtResource( 10 )]
transform = Transform( 1.99164, 0, 0.182688, 0, 2, 0, -0.182688, 0, 1.99164, -212.134, 31.4125, 69.1621 )

[node name="Item_Tree107" parent="Assets/Items" instance=ExtResource( 10 )]
transform = Transform( 1.39054, 0, -2.65827, 0, 3, 0, 2.65827, 0, 1.39054, -195.112, 31.458, 89.1498 )

[node name="Item_Tree108" parent="Assets/Items" instance=ExtResource( 10 )]
transform = Transform( -0.0102975, 0, 1.99997, 0, 2, 0, -1.99997, 0, -0.0102975, -142.115, 19.0888, 111.222 )

[node name="Item_Tree109" parent="Assets/Items" instance=ExtResource( 10 )]
transform = Transform( -0.00514877, 0, 0.999987, 0, 1, 0, -0.999987, 0, -0.00514877, -155.244, 23.3339, 108.567 )

[node name="Item_Tree110" parent="Assets/Items" instance=ExtResource( 10 )]
transform = Transform( 1.90724, 0, 0.602008, 0, 2, 0, -0.602008, 0, 1.90724, -163.625, 20.4957, 89.9355 )

[node name="Item_Tree111" parent="Assets/Items" instance=ExtResource( 10 )]
transform = Transform( 0.10786, 0, -0.994166, 0, 1, 0, 0.994166, 0, 0.10786, -154.792, 18.1385, 79.8669 )

[node name="Item_Tree63" parent="Assets/Items" instance=ExtResource( 10 )]
transform = Transform( 0.0409513, 0, 0.999161, 0, 1, 0, -0.999161, 0, 0.0409513, -133.271, 22.1072, -71.3259 )

[node name="Item_Tree75" parent="Assets/Items" instance=ExtResource( 10 )]
transform = Transform( 0.696364, 0, 0.717689, 0, 1, 0, -0.717689, 0, 0.696364, -124.548, 16.8309, -67.1554 )

[node name="Item_Tree64" parent="Assets/Items" instance=ExtResource( 10 )]
transform = Transform( 0.0409513, 0, 0.999161, 0, 1, 0, -0.999161, 0, 0.0409513, -148.003, 26.7855, -74.3894 )

[node name="Item_Tree65" parent="Assets/Items" instance=ExtResource( 10 )]
transform = Transform( 0.0409513, 0, 0.999161, 0, 1, 0, -0.999161, 0, 0.0409513, -136.931, 27.3809, -87.0103 )

[node name="Item_Tree76" parent="Assets/Items" instance=ExtResource( 10 )]
transform = Transform( 0.930484, 0, -1.77036, 0, 2, 0, 1.77036, 0, 0.930484, 339.405, -2.18418, -69.5111 )

[node name="Item_Tree77" parent="Assets/Items" instance=ExtResource( 10 )]
transform = Transform( 0.870072, 0, -0.492925, 0, 1, 0, 0.492925, 0, 0.870072, 348.244, 1.01525, -79.5799 )

[node name="Item_Tree78" parent="Assets/Items" instance=ExtResource( 10 )]
transform = Transform( 2.61022, 0, -1.47877, 0, 3, 0, 1.47877, 0, 2.61022, 356.427, 1.45448, -91.644 )

[node name="Item_Tree116" parent="Assets/Items" instance=ExtResource( 10 )]
transform = Transform( 2.61022, 0, -1.47877, 0, 3, 0, 1.47877, 0, 2.61022, 356.427, 1.45448, -52.9649 )

[node name="Item_Tree79" parent="Assets/Items" instance=ExtResource( 10 )]
transform = Transform( 1.99164, 0, 0.182688, 0, 2, 0, -0.182688, 0, 1.99164, 317.099, -2.9506, -69.5111 )

[node name="Item_Tree80" parent="Assets/Items" instance=ExtResource( 10 )]
transform = Transform( 2.76608, 0, -1.16139, 0, 3, 0, 1.16139, 0, 2.76608, 334.121, 0.0245266, -100.166 )

[node name="Item_Tree81" parent="Assets/Items" instance=ExtResource( 10 )]
transform = Transform( -0.0102975, 0, 1.99997, 0, 2, 0, -1.99997, 0, -0.0102975, 394.092, -1.38964, -93.751 )

[node name="Item_Tree82" parent="Assets/Items" instance=ExtResource( 10 )]
transform = Transform( -0.00514877, 0, 0.999987, 0, 1, 0, -0.999987, 0, -0.00514877, 373.989, 1.85145, -80.7484 )

[node name="Item_Tree83" parent="Assets/Items" instance=ExtResource( 10 )]
transform = Transform( 1.93078, 0, -0.521615, 0, 2, 0, 0.521615, 0, 1.93078, 365.608, 1.98789, -99.3804 )

[node name="Item_Tree117" parent="Assets/Items" instance=ExtResource( 10 )]
transform = Transform( 1.90724, 0, 0.602008, 0, 2, 0, -0.602008, 0, 1.90724, 356.554, 1.98789, -119.521 )

[node name="Item_Tree84" parent="Assets/Items" instance=ExtResource( 10 )]
transform = Transform( 0.10786, 0, -0.994166, 0, 1, 0, 0.994166, 0, 0.10786, 374.441, 2.19867, -109.449 )

[node name="Item_Tree85" parent="Assets/Items" instance=ExtResource( 10 )]
transform = Transform( 0.0409513, 0, 0.999161, 0, 1, 0, -0.999161, 0, 0.0409513, 395.962, 4.77366, -71.3259 )

[node name="Item_Tree86" parent="Assets/Items" instance=ExtResource( 10 )]
transform = Transform( 0.696364, 0, 0.717689, 0, 1, 0, -0.717689, 0, 0.696364, 404.686, 1.10613, -67.1554 )

[node name="Item_Tree87" parent="Assets/Items" instance=ExtResource( 10 )]
transform = Transform( 0.0409513, 0, 0.999161, 0, 1, 0, -0.999161, 0, 0.0409513, 381.23, 2.97442, -74.3894 )

[node name="Item_Tree124" parent="Assets/Items" instance=ExtResource( 10 )]
transform = Transform( 0.0409513, 0, 0.999161, 0, 1, 0, -0.999161, 0, 0.0409513, 381.23, -3.56208, -128.771 )

[node name="Item_Tree88" parent="Assets/Items" instance=ExtResource( 10 )]
transform = Transform( 0.0409513, 0, 0.999161, 0, 1, 0, -0.999161, 0, 0.0409513, 392.302, 1.77311, -87.0103 )

[node name="Item_Tree93" parent="Assets/Items" instance=ExtResource( 10 )]
transform = Transform( -0.316676, 0, -0.948534, 0, 1, 0, 0.948534, 0, -0.316676, 384.641, 2.19867, -92.1388 )

[node name="Item_Tree125" parent="Assets/Items" instance=ExtResource( 10 )]
transform = Transform( 0.995026, 0, -0.0996155, 0, 1, 0, 0.0996155, 0, 0.995026, 332.617, -0.729278, -131.038 )

[node name="Item_Tree126" parent="Assets/Items" instance=ExtResource( 10 )]
transform = Transform( -0.969205, 0, 0.246255, 0, 1, 0, -0.246255, 0, -0.969205, 374.361, -3.6203, -144.229 )

[node name="Item_Tree127" parent="Assets/Items" instance=ExtResource( 10 )]
transform = Transform( -0.558542, 0, 0.829477, 0, 1, 0, -0.829477, 0, -0.558542, 380.242, -4.40249, -151.904 )

[node name="Item_Tree128" parent="Assets/Items" instance=ExtResource( 10 )]
transform = Transform( -0.969205, 0, 0.246255, 0, 1, 0, -0.246255, 0, -0.969205, 368.323, -1.19181, -130.446 )

[node name="Item_Tree129" parent="Assets/Items" instance=ExtResource( 10 )]
transform = Transform( -0.969205, 0, 0.246255, 0, 1, 0, -0.246255, 0, -0.969205, 315.112, -3.50196, -141.668 )

[node name="Item_Tree130" parent="Assets/Items" instance=ExtResource( 10 )]
transform = Transform( -0.969205, 0, 0.246255, 0, 1, 0, -0.246255, 0, -0.969205, 358.259, -1.88871, -143.884 )

[node name="Item_Tree131" parent="Assets/Items" instance=ExtResource( 10 )]
transform = Transform( 0.86277, 0, -0.505597, 0, 1, 0, 0.505597, 0, 0.86277, 351.66, 2.19867, -137.446 )

[node name="Item_Tree118" parent="Assets/Items" instance=ExtResource( 10 )]
transform = Transform( 0.881361, 0, -0.472443, 0, 1, 0, 0.472443, 0, 0.881361, 384.641, -1.37387, -110.192 )

[node name="Item_Tree94" parent="Assets/Items" instance=ExtResource( 10 )]
transform = Transform( 0.454006, 0, 0.890999, 0, 1, 0, -0.890999, 0, 0.454006, 388.297, 1.14106, -48.5136 )

[node name="Item_Tree95" parent="Assets/Items" instance=ExtResource( 10 )]
transform = Transform( 0.932261, 0, 0.361787, 0, 1, 0, -0.361787, 0, 0.932261, 394.486, 1.10613, -41.0844 )

[node name="Item_Tree96" parent="Assets/Items" instance=ExtResource( 10 )]
transform = Transform( 0.454006, 0, 0.890999, 0, 1, 0, -0.890999, 0, 0.454006, 391.513, 1.77311, -64.295 )

[node name="Item_Tree97" parent="Assets/Items" instance=ExtResource( 10 )]
transform = Transform( -0.316676, 0, -0.948534, 0, 1, 0, 0.948534, 0, -0.316676, 343.375, 2.19867, -92.1388 )

[node name="Item_Tree98" parent="Assets/Items" instance=ExtResource( 10 )]
transform = Transform( 0.454006, 0, 0.890999, 0, 1, 0, -0.890999, 0, 0.454006, 347.032, -0.801951, -48.5136 )

[node name="Item_Tree99" parent="Assets/Items" instance=ExtResource( 10 )]
transform = Transform( 0.932261, 0, 0.361787, 0, 1, 0, -0.361787, 0, 0.932261, 353.22, -0.571808, -41.0844 )

[node name="Item_Tree100" parent="Assets/Items" instance=ExtResource( 10 )]
transform = Transform( 0.454006, 0, 0.890999, 0, 1, 0, -0.890999, 0, 0.454006, 350.248, -0.0667701, -64.295 )

[node name="Item_Tree115" parent="Assets/Items" instance=ExtResource( 10 )]
transform = Transform( 0.454006, 0, 0.890999, 0, 1, 0, -0.890999, 0, 0.454006, 369.795, -0.0667701, -64.295 )

[node name="Item_Tree89" parent="Assets/Items" instance=ExtResource( 10 )]
transform = Transform( 0.10786, 0, -0.994166, 0, 1, 0, 0.994166, 0, 0.10786, 374.441, 2.19867, -109.449 )

[node name="Item_Tree169" parent="Assets/Items" instance=ExtResource( 10 )]
transform = Transform( 0.0409513, 0, 0.999161, 0, 1, 0, -0.999161, 0, 0.0409513, 80.9593, -9.59335, -48.7105 )

[node name="Item_Tree170" parent="Assets/Items" instance=ExtResource( 10 )]
transform = Transform( 0.0409513, 0, 0.999161, 0, 1, 0, -0.999161, 0, 0.0409513, 92.0313, -3.3652, -6.94983 )

[node name="Item_Tree171" parent="Assets/Items" instance=ExtResource( 10 )]
transform = Transform( -0.316676, 0, -0.948534, 0, 1, 0, 0.948534, 0, -0.316676, 84.3703, -2.93964, -12.0783 )

[node name="Item_Tree172" parent="Assets/Items" instance=ExtResource( 10 )]
transform = Transform( 0.995026, 0, -0.0996155, 0, 1, 0, 0.0996155, 0, 0.995026, 32.3463, -10.2756, -50.9775 )

[node name="Item_Tree173" parent="Assets/Items" instance=ExtResource( 10 )]
transform = Transform( -1.45381, 0, 0.369382, 0, 1.5, 0, -0.369382, 0, -1.45381, 74.0903, -9.10234, -64.1685 )

[node name="Item_Tree174" parent="Assets/Items" instance=ExtResource( 10 )]
transform = Transform( -0.558542, 0, 0.829477, 0, 1, 0, -0.829477, 0, -0.558542, 79.9713, -9.5408, -71.8435 )

[node name="Item_Tree175" parent="Assets/Items" instance=ExtResource( 10 )]
transform = Transform( -0.969205, 0, 0.246255, 0, 1, 0, -0.246255, 0, -0.969205, 68.0523, -8.59018, -50.3855 )

[node name="Item_Tree176" parent="Assets/Items" instance=ExtResource( 10 )]
transform = Transform( -2.90762, 0, 0.738765, 0, 3, 0, -0.738765, 0, -2.90762, 14.8413, -10.4363, -61.6075 )

[node name="Item_Tree177" parent="Assets/Items" instance=ExtResource( 10 )]
transform = Transform( -0.969205, 0, 0.246255, 0, 1, 0, -0.246255, 0, -0.969205, 57.9883, -8.34913, -63.8235 )

[node name="Item_Tree178" parent="Assets/Items" instance=ExtResource( 10 )]
transform = Transform( 2.15692, 0, -1.26399, 0, 2.5, 0, 1.26399, 0, 2.15692, 51.3893, -9.52785, -57.3855 )

[node name="Item_Tree179" parent="Assets/Items" instance=ExtResource( 10 )]
transform = Transform( 1.76272, 0, -0.944886, 0, 2, 0, 0.944886, 0, 1.76272, 84.3703, -6.51218, -30.1315 )

[node name="Item_Tree180" parent="Assets/Items" instance=ExtResource( 10 )]
transform = Transform( 0.10786, 0, -0.994166, 0, 1, 0, 0.994166, 0, 0.10786, 74.1703, -8.44708, -29.3885 )

[node name="Item_Tree90" parent="Assets/Items" instance=ExtResource( 10 )]
transform = Transform( 0.0409513, 0, 0.999161, 0, 1, 0, -0.999161, 0, 0.0409513, 395.962, 4.77366, -71.3259 )

[node name="Item_Tree91" parent="Assets/Items" instance=ExtResource( 10 )]
transform = Transform( 0.696364, 0, 0.717689, 0, 1, 0, -0.717689, 0, 0.696364, 404.686, 1.10613, -67.1554 )

[node name="Item_Tree92" parent="Assets/Items" instance=ExtResource( 10 )]
transform = Transform( 0.0409513, 0, 0.999161, 0, 1, 0, -0.999161, 0, 0.0409513, 392.302, 1.77311, -87.0103 )

[node name="Item_Tree192" parent="Assets/Items" instance=ExtResource( 10 )]
transform = Transform( -0.0048281, 0.347394, 0.937707, 0.10549, 0.932662, -0.344982, -0.994409, 0.0972533, -0.0411497, 280.509, 19.3821, 232.903 )

[node name="Item_Tree193" parent="Assets/Items" instance=ExtResource( 10 )]
transform = Transform( 0.0384008, 0.347394, 0.936933, 0.0894761, 0.932662, -0.349478, -0.995248, 0.0972533, 0.00473156, 302.128, 13.5381, 241.767 )

[node name="Item_Tree194" parent="Assets/Items" instance=ExtResource( 10 )]
transform = Transform( 0.652994, 0.347394, 0.672991, -0.166175, 0.932662, -0.320198, -0.738908, 0.0972533, 0.666751, 309.035, 6.67071, 245.244 )

[node name="Item_Tree195" parent="Assets/Items" instance=ExtResource( 10 )]
transform = Transform( 0.0384008, 0.347394, 0.936933, 0.0894761, 0.932662, -0.349478, -0.995248, 0.0972533, 0.00473156, 287.689, 17.268, 239.076 )

[node name="Item_Tree196" parent="Assets/Items" instance=ExtResource( 10 )]
transform = Transform( 0.0384008, 0.347394, 0.936933, 0.0894761, 0.932662, -0.349478, -0.995248, 0.0972533, 0.00473156, 297.654, 13.6309, 226.007 )

[node name="Item_Tree197" parent="Assets/Items" instance=ExtResource( 10 )]
transform = Transform( 0.42573, 0.347394, 0.835507, -0.0644606, 0.932662, -0.354945, -0.902552, 0.0972533, 0.419456, 293.679, 7.12372, 264.379 )

[node name="Item_Tree198" parent="Assets/Items" instance=ExtResource( 10 )]
transform = Transform( 0.874199, 0.347394, 0.339255, -0.284593, 0.932662, -0.221692, -0.393425, 0.0972533, 0.914199, 299.47, 3.13591, 271.542 )

[node name="Item_Tree199" parent="Assets/Items" instance=ExtResource( 10 )]
transform = Transform( 0.42573, 0.347394, 0.835507, -0.0644606, 0.932662, -0.354945, -0.902552, 0.0972533, 0.419456, 296.914, 11.5477, 248.628 )

[node name="Item_Tree200" parent="Assets/Items" instance=ExtResource( 10 )]
transform = Transform( 0.42573, 0.347394, 0.835507, -0.0644606, 0.932662, -0.354945, -0.902552, 0.0972533, 0.419456, 275.91, 17.3357, 249.232 )

[node name="Item_Tree201" parent="Assets/Items" instance=ExtResource( 10 )]
transform = Transform( 0.0384008, 0.347394, 0.936933, 0.0894761, 0.932662, -0.349478, -0.995248, 0.0972533, 0.00473156, 310.135, 12.8065, 232.021 )

[node name="Item_Tree204" parent="Assets/Items" instance=ExtResource( 10 )]
transform = Transform( 0.0768017, 0.694788, 1.87387, 0.178952, 1.86532, -0.698956, -1.9905, 0.194507, 0.00946314, 291.787, 22.4107, 211.606 )

[node name="Item_Tree205" parent="Assets/Items" instance=ExtResource( 10 )]
transform = Transform( -0.00242408, -0.12193, 1.99628, 0.194722, 1.98678, 0.121586, -1.9905, 0.194507, 0.00946314, 309.787, 19.2955, 189.606 )

[node name="Item_Tree206" parent="Assets/Items" instance=ExtResource( 10 )]
transform = Transform( -0.00242408, -0.12193, 1.99628, 0.735964, 1.85615, 0.114265, -1.85966, 0.734733, 0.0426182, 321.215, 11.3809, 220.231 )

[node name="Item_Tree207" parent="Assets/Items" instance=ExtResource( 10 )]
transform = Transform( 0.224337, 0.455606, 1.93445, 0.700943, 1.80349, -0.506051, -1.85966, 0.734733, 0.0426182, 335.29, 11.3809, 192.689 )

[node name="Item_Tree208" parent="Assets/Items" instance=ExtResource( 10 )]
transform = Transform( 0.23164, 0.474404, 1.92906, -0.256333, 1.93303, -0.444601, -1.96993, -0.195748, 0.284687, 341.29, 11.3809, 152.689 )

[node name="Item_Tree209" parent="Assets/Items" instance=ExtResource( 10 )]
transform = Transform( 0.198777, -0.00906703, 1.99008, 0.160041, 1.99357, -0.00690264, -1.98365, 0.159933, 0.198864, 373.982, 4.30948, 161.329 )

[node name="Item_Tree210" parent="Assets/Items" instance=ExtResource( 10 )]
transform = Transform( 0.178107, -0.248538, 1.97649, 0.182765, 1.97804, 0.232263, -1.98365, 0.159933, 0.198864, 383.982, 1.26866, 114.329 )

[node name="Item_Tree211" parent="Assets/Items" instance=ExtResource( 10 )]
transform = Transform( 0.159158, -0.442953, 1.94383, 0.199484, 1.94376, 0.426605, -1.98365, 0.159933, 0.198864, 424.061, -7.76449, 97.0161 )

[node name="Item_Tree212" parent="Assets/Items" instance=ExtResource( 10 )]
transform = Transform( 0.18722, -0.147069, 1.98578, 0.173419, 1.98816, 0.130895, -1.98365, 0.159933, 0.198864, 419.806, -7.76449, 45.3565 )

[node name="Item_Tree213" parent="Assets/Items" instance=ExtResource( 10 )]
transform = Transform( 0.28083, -0.220603, 2.97867, 0.260128, 2.98224, 0.196343, -2.97548, 0.239899, 0.298296, 329.864, 16.1204, 170.959 )

[node name="Item_Tree214" parent="Assets/Items" instance=ExtResource( 10 )]
transform = Transform( 0.316691, 0.229494, 2.9744, 0.215033, 2.98157, -0.252942, -2.97548, 0.239899, 0.298296, 316.562, 16.1204, 207.478 )

[node name="Item_Tree215" parent="Assets/Items" instance=ExtResource( 10 )]
transform = Transform( 0.316691, 0.229494, 2.9744, 0.588765, 2.92747, -0.28856, -2.92456, 0.614202, 0.263995, 366.826, 5.85311, 131.708 )

[node name="Item_Tree216" parent="Assets/Items" instance=ExtResource( 10 )]
transform = Transform( 0.366644, 0.482957, 2.93808, 0.559025, 2.89647, -0.545877, -2.92456, 0.614202, 0.263995, 402.226, -1.75642, 76.4902 )

[node name="Item_Tree202" parent="Assets/Items" instance=ExtResource( 10 )]
transform = Transform( 0.652994, 0.347394, 0.672991, -0.166175, 0.932662, -0.320198, -0.738908, 0.0972533, 0.666751, 309.035, 6.67071, 245.244 )

[node name="Item_Tree203" parent="Assets/Items" instance=ExtResource( 10 )]
transform = Transform( 0.0384008, 0.347394, 0.936933, 0.0894761, 0.932662, -0.349478, -0.995248, 0.0972533, 0.00473156, 297.654, 13.6309, 226.007 )

[node name="Item_Tree66" parent="Assets/Items" instance=ExtResource( 10 )]
transform = Transform( 0.0409513, 0, 0.999161, 0, 1, 0, -0.999161, 0, 0.0409513, -155.592, 26.7855, -65.7383 )

[node name="Item_Tree74" parent="Assets/Items" instance=ExtResource( 10 )]
transform = Transform( -0.461857, 0, 0.886954, 0, 1, 0, -0.886954, 0, -0.461857, -145.612, 24.7988, -65.7383 )

[node name="Item_Tree135" parent="Assets/Items" instance=ExtResource( 10 )]
transform = Transform( -0.628506, 0, 0.777805, 0, 1, 0, -0.777805, 0, -0.628506, -31.6841, 18.1512, -161.134 )

[node name="Item_Tree137" parent="Assets/Items" instance=ExtResource( 10 )]
transform = Transform( -0.628506, 0, 0.777805, 0, 1, 0, -0.777805, 0, -0.628506, -44.7791, 24.2353, -170.51 )

[node name="Item_Tree138" parent="Assets/Items" instance=ExtResource( 10 )]
transform = Transform( -0.628506, 0, 0.777805, 0, 1, 0, -0.777805, 0, -0.628506, -44.7791, 14.9586, -142.213 )

[node name="Item_Tree139" parent="Assets/Items" instance=ExtResource( 10 )]
transform = Transform( -0.736286, 0, 0.676671, 0, 1, 0, -0.676671, 0, -0.736286, -51.0321, 23.6976, -195.602 )

[node name="Item_Tree140" parent="Assets/Items" instance=ExtResource( 10 )]
transform = Transform( 0.887139, 0, -0.461501, 0, 1, 0, 0.461501, 0, 0.887139, -50.5801, 17.9603, -224.303 )

[node name="Item_Tree141" parent="Assets/Items" instance=ExtResource( 10 )]
transform = Transform( 0.108346, 0, -0.994113, 0, 1, 0, 0.994113, 0, 0.108346, -49.2811, 20.843, -212.33 )

[node name="Item_Tree142" parent="Assets/Items" instance=ExtResource( 10 )]
transform = Transform( 0.00809259, 0, 0.199836, 0, 0.2, 0, -0.199836, 0, 0.00809259, -29.0591, 21.9525, -186.18 )

[node name="Item_Tree147" parent="Assets/Items" instance=ExtResource( 10 )]
transform = Transform( 0.0121389, 0, 0.299754, 0, 0.3, 0, -0.299754, 0, 0.0121389, -33.7747, 22.6284, -186.37 )

[node name="Item_Tree148" parent="Assets/Items" instance=ExtResource( 10 )]
transform = Transform( 0.195497, 0, 0.0422002, 0, 0.2, 0, -0.0422002, 0, 0.195497, -34.032, 22.6284, -180.016 )

[node name="Item_Tree150" parent="Assets/Items" instance=ExtResource( 10 )]
transform = Transform( 0.086162, 0, -0.0507553, 0, 0.1, 0, 0.0507553, 0, 0.086162, -37.6889, 22.6284, -179.227 )

[node name="Item_Tree149" parent="Assets/Items" instance=ExtResource( 10 )]
transform = Transform( 0.171002, 0, -0.103722, 0, 0.2, 0, 0.103722, 0, 0.171002, -29.5589, 22.4225, -180.982 )

[node name="Item_Tree151" parent="Assets/Items" instance=ExtResource( 10 )]
transform = Transform( 0.00809259, 0, 0.199836, 0, 0.2, 0, -0.199836, 0, 0.00809259, -29.0591, 21.9525, -186.18 )

[node name="Item_Tree152" parent="Assets/Items" instance=ExtResource( 10 )]
transform = Transform( 0.0121389, 0, 0.299754, 0, 0.3, 0, -0.299754, 0, 0.0121389, -33.7747, 22.6284, -186.37 )

[node name="Item_Tree153" parent="Assets/Items" instance=ExtResource( 10 )]
transform = Transform( 0.195497, 0, 0.0422002, 0, 0.2, 0, -0.0422002, 0, 0.195497, -34.032, 22.6284, -180.016 )

[node name="Item_Tree154" parent="Assets/Items" instance=ExtResource( 10 )]
transform = Transform( 0.086162, 0, -0.0507553, 0, 0.1, 0, 0.0507553, 0, 0.086162, -37.6889, 22.6284, -179.227 )

[node name="Item_Tree155" parent="Assets/Items" instance=ExtResource( 10 )]
transform = Transform( 0.171002, 0, -0.103722, 0, 0.2, 0, 0.103722, 0, 0.171002, -29.5589, 22.4225, -180.982 )

[node name="Item_Tree156" parent="Assets/Items" instance=ExtResource( 10 )]
transform = Transform( 0.00809259, 0, 0.199836, 0, 0.2, 0, -0.199836, 0, 0.00809259, -27.0506, 21.9525, -190.597 )

[node name="Item_Tree157" parent="Assets/Items" instance=ExtResource( 10 )]
transform = Transform( 0.0121389, 0, 0.299754, 0, 0.3, 0, -0.299754, 0, 0.0121389, -31.7661, 22.6284, -190.788 )

[node name="Item_Tree158" parent="Assets/Items" instance=ExtResource( 10 )]
transform = Transform( 0.195497, 0, 0.0422002, 0, 0.2, 0, -0.0422002, 0, 0.195497, -32.0235, 22.6284, -184.434 )

[node name="Item_Tree159" parent="Assets/Items" instance=ExtResource( 10 )]
transform = Transform( 0.086162, 0, -0.0507553, 0, 0.1, 0, 0.0507553, 0, 0.086162, -35.6804, 22.6284, -183.644 )

[node name="Item_Tree160" parent="Assets/Items" instance=ExtResource( 10 )]
transform = Transform( 0.171002, 0, -0.103722, 0, 0.2, 0, 0.103722, 0, 0.171002, -27.5504, 22.4225, -185.399 )

[node name="Item_Tree143" parent="Assets/Items" instance=ExtResource( 10 )]
transform = Transform( 0.696013, 0, 0.718029, 0, 1, 0, -0.718029, 0, 0.696013, -20.3361, 18.864, -182.009 )

[node name="Item_Tree144" parent="Assets/Items" instance=ExtResource( 10 )]
transform = Transform( 0.121389, 0, 2.99754, 0, 3, 0, -2.99754, 0, 0.121389, -32.7191, 21.1225, -201.864 )

[node name="Item_Tree145" parent="Assets/Items" instance=ExtResource( 10 )]
transform = Transform( 0.040463, 0, 0.999181, 0, 1, 0, -0.999181, 0, 0.040463, -51.3801, 24.8107, -180.592 )

[node name="Item_Tree146" parent="Assets/Items" instance=ExtResource( 10 )]
transform = Transform( -0.46229, 0, 0.886728, 0, 1, 0, -0.886728, 0, -0.46229, -41.4001, 23.2449, -180.592 )

[node name="Item_Tree67" parent="Assets/Items" instance=ExtResource( 10 )]
transform = Transform( -2.25348, 0, 1.98036, 0, 3, 0, -1.98036, 0, -2.25348, -169.783, 26.8327, -81.8516 )

[node name="Item_Tree2" parent="Assets/Items" instance=ExtResource( 10 )]
transform = Transform( -1.62182, 0, -4.72966, 0, 5, 0, 4.72966, 0, -1.62182, -102.151, -8.50129, 6.10557 )

[node name="Item_Tree3" parent="Assets/Items" instance=ExtResource( 10 )]
transform = Transform( -4.48192, 0, 7.55321, 0, 8.78285, 0, -7.55321, 0, -4.48192, -101.792, -9.48608, 100.772 )

[node name="Item_Tree4" parent="Assets/Items" instance=ExtResource( 10 )]
transform = Transform( -5.23919, 0, 8.82942, 0, 10.2668, 0, -8.82942, 0, -5.23919, 48.4986, -8.67955, -27.5307 )

[node name="Item_Tree6" parent="Assets/Items" instance=ExtResource( 10 )]
transform = Transform( -3.5933, 0, 6.05566, 0, 7.0415, 0, -6.05566, 0, -3.5933, 4.6362, -4.66531, 26.6263 )

[node name="Item_Tree166" parent="Assets/Items" instance=ExtResource( 10 )]
transform = Transform( -4.59272, 0, 7.73995, 0, 9, 0, -7.73995, 0, -4.59272, -41.0684, -4.66531, -19.7854 )

[node name="Item_Tree9" parent="Assets/Items" instance=ExtResource( 10 )]
transform = Transform( 6.93771, 0, 1.20459, 0, 7.0415, 0, -1.20459, 0, 6.93771, 119.527, -0.944012, -1.52759 )

[node name="Item_Tree7" parent="Assets/Items" instance=ExtResource( 10 )]
transform = Transform( -4.67296, 0, 7.87517, 0, 9.15723, 0, -7.87517, 0, -4.67296, 52.1922, -12.7386, 99.1531 )

[node name="Item_Tree112" parent="Assets/Items" instance=ExtResource( 10 )]
transform = Transform( -4.08242, 0, 6.87996, 0, 8, 0, -6.87996, 0, -4.08242, 52.1922, -16.5883, 221.671 )

[node name="Item_Tree161" parent="Assets/Items" instance=ExtResource( 10 )]
transform = Transform( 2.98681, -1.99465, -6.00836, 4.4635, 5.37479, 0.434534, 4.48955, -4.0166, 3.56523, 191.325, 81.167, 248.854 )

[node name="Item_Tree162" parent="Assets/Items" instance=ExtResource( 10 )]
transform = Transform( 2.1216, 2.23072, -5.15002, -3.88631, 4.55608, 0.372458, 4.04912, 3.20406, 3.05591, 191.325, 81.167, 248.854 )

[node name="Item_Tree164" parent="Assets/Items" instance=ExtResource( 10 )]
transform = Transform( 3.4286, 3.81413, -3.11402, -2.6153, 4.62572, 2.7862, 4.17192, -0.234784, 4.30581, 191.325, 81.167, 248.854 )

[node name="Item_Tree165" parent="Assets/Items" instance=ExtResource( 10 )]
transform = Transform( 4.82215, 2.37561, -2.66521, -0.124641, 4.58828, 3.86421, 3.5681, -3.05027, 3.73692, 191.145, 80.6195, 249.078 )

[node name="Item_Tree163" parent="Assets/Items" instance=ExtResource( 10 )]
transform = Transform( 1.02975, -3.15781, -4.99678, -2.438, 4.39362, -3.27906, 5.38477, 2.59313, -0.529072, 191.325, 81.167, 248.854 )

[node name="Item_Tree33" parent="Assets/Items" instance=ExtResource( 10 )]
transform = Transform( -12.056, 0, 8.92487, 0, 15, 0, -8.92487, 0, -12.056, 188.681, 3.5108, 249.671 )

[node name="Item_Tree167" parent="Assets/Items" instance=ExtResource( 10 )]
transform = Transform( -6.77502, -4.67544, 12.5395, 5.45891, 11.8669, 7.37407, -12.2188, 7.89409, -3.65839, 268.073, 0.589066, 259.283 )

[node name="Item_Tree8" parent="Assets/Items" instance=ExtResource( 10 )]
transform = Transform( 1.54999, 0, 9.02509, 0, 9.15723, 0, -9.02509, 0, 1.54999, -53.7749, 8.51075, -110.166 )

[node name="Item_Tree38" parent="Assets/Items" instance=ExtResource( 10 )]
transform = Transform( 6.3113, 0, 6.63493, 0, 9.15723, 0, -6.63493, 0, 6.3113, -5.94973, 8.51075, -260.521 )

[node name="Item_Tree113" parent="Assets/Items" instance=ExtResource( 10 )]
transform = Transform( 17.2304, 0, 18.1139, 0, 25, 0, -18.1139, 0, 17.2304, 235.631, -120.903, -260.521 )

[node name="Item_Tree27" parent="Assets/Items" instance=ExtResource( 10 )]
transform = Transform( 6.3113, 0, 6.63493, 0, 9.15723, 0, -6.63493, 0, 6.3113, -243.468, 8.25289, -187.076 )

[node name="Item_Tree28" parent="Assets/Items" instance=ExtResource( 10 )]
transform = Transform( 5.51372, 0, 5.79645, 0, 8, 0, -5.79645, 0, 5.51372, -290.036, -7.78473, -187.076 )

[node name="Item_Tree29" parent="Assets/Items" instance=ExtResource( 10 )]
transform = Transform( 10.3382, 0, 10.8684, 0, 15, 0, -10.8684, 0, 10.3382, -255.069, -8.38808, -232.617 )

[node name="Item_Tree190" parent="Assets/Items" instance=ExtResource( 10 )]
transform = Transform( 10.3382, 0, 10.8684, -0.41475, 14.9891, 0.394517, -10.8605, -0.572416, 10.3307, -145.209, -8.38808, -365.58 )

[node name="Item_Tree191" parent="Assets/Items" instance=ExtResource( 10 )]
transform = Transform( 5.55985, -0.86603, 5.68665, -0.622933, 7.77165, 1.7926, -5.71839, -1.68862, 5.33372, -171.374, -9.99749, -357.505 )

[node name="Item_Tree11" parent="Assets/Items" instance=ExtResource( 10 )]
transform = Transform( -4.29816, 1.83608, -4.51764, 1.30005, 6.06266, 1.36975, 4.54461, 0.0022105, -4.32293, 128.752, -9.11325, -110.168 )

[node name="Item_Tree26" parent="Assets/Items" instance=ExtResource( 10 )]
transform = Transform( -6.58206, 2.89798, -6.94825, -1.44711, 8.57027, 4.94533, 7.38799, 4.26053, -5.22164, 128.752, -9.11326, -149.348 )

[node name="Item_Tree13" parent="Assets/Items" instance=ExtResource( 10 )]
transform = Transform( -3.73836, -2.74403, -4.52718, -2.18268, 5.69082, -1.84883, 4.69876, 0.460347, -4.13031, 161.846, -11.2198, -110.159 )

[node name="Item_Tree22" parent="Assets/Items" instance=ExtResource( 10 )]
transform = Transform( -2.66222, -0.435613, -2.95344, -0.508087, 3.96557, -0.126907, 2.94184, 0.290687, -2.69464, 148.357, -4.796, -110.159 )

[node name="Item_Tree23" parent="Assets/Items" instance=ExtResource( 10 )]
transform = Transform( -2.4264, -1.48941, -2.80967, -1.20754, 3.70097, -0.919071, 2.94184, 0.290687, -2.69464, 157.4, -6.73781, -110.159 )

[node name="Item_Tree24" parent="Assets/Items" instance=ExtResource( 10 )]
transform = Transform( -2.70951, 0.409616, -2.91389, 1.0251, 3.84432, -0.412793, 2.75821, -1.02638, -2.70903, 141.397, -6.73781, -98.465 )

[node name="Item_Tree25" parent="Assets/Items" instance=ExtResource( 10 )]
transform = Transform( -2.70951, 0.409616, -2.91389, 0.0641844, 3.96834, 0.498162, 2.94184, 0.290687, -2.69464, 141.397, -6.73781, -110.159 )

[node name="Item_Tree12" parent="Assets/Items" instance=ExtResource( 10 )]
transform = Transform( 4.49047, 0, 4.72073, 0, 6.3346, 0, -4.54461, 0, 4.32293, 144.161, 44.5509, -110.173 )

[node name="Item_Tree10" parent="Assets/Items" instance=ExtResource( 10 )]
transform = Transform( -4.49044, -0.0235493, -4.7207, 0.0166936, -6.33455, 0.0175496, -4.54461, 0, 4.32293, 243.521, 98.5066, -110.11 )

[node name="Item_Tree16" parent="Assets/Items" instance=ExtResource( 10 )]
transform = Transform( -3.54692, 3.88479, -3.72879, -2.75385, -5.00355, -2.89506, -4.54461, 0, 4.32293, 213.809, 87.7464, -110.11 )

[node name="Item_Tree15" parent="Assets/Items" instance=ExtResource( 10 )]
transform = Transform( -3.79113, -3.3949, -3.98553, 2.40658, -5.34806, 2.52998, -4.54461, 0, 4.32293, 271.196, 91.6369, -110.11 )

[node name="Item_Tree17" parent="Assets/Items" instance=ExtResource( 10 )]
transform = Transform( -4.29911, -1.82952, -4.51956, -1.03728, -5.32435, 3.26674, -4.6108, 2.90366, 3.14247, 285.656, 134.82, -134.466 )

[node name="Item_Tree18" parent="Assets/Items" instance=ExtResource( 10 )]
transform = Transform( -1.91042, 3.42771, 4.95488, -1.03728, -5.32435, 3.26674, 6.00767, 0.170704, 2.39805, 188.53, 134.82, -109.136 )

[node name="Item_Tree20" parent="Assets/Items" instance=ExtResource( 10 )]
transform = Transform( -1.28891, 5.36473, 3.09806, -1.75054, -3.36416, 5.06206, 6.00767, 0.170704, 2.39805, 146.507, 160.327, -109.136 )

[node name="Item_Tree21" parent="Assets/Items" instance=ExtResource( 10 )]
transform = Transform( -2.12996, -0.800374, 5.89507, 0.536688, -7.75602, -0.846989, 6.00767, 0.170704, 2.39805, 148.062, 157.427, -109.136 )

[node name="Item_Tree14" parent="Assets/Items" instance=ExtResource( 10 )]
transform = Transform( 4.49047, 0, 4.72073, 0, 6.3346, 0, -4.54461, 0, 4.32293, 243.521, -13.2669, -110.11 )

[node name="Item_Tree189" parent="Assets/Items" instance=ExtResource( 10 )]
transform = Transform( 4.49047, 0, 4.72073, 0.904728, 6.20781, -0.860597, -4.45364, 1.26107, 4.2364, 236.088, -14.5277, -33.6131 )

