[gd_scene load_steps=5 format=2]

[ext_resource path="res://Player.tscn" type="PackedScene" id=1]
[ext_resource path="res://Bodenplatte.tscn" type="PackedScene" id=2]
[ext_resource path="res://Prefabs/console.tscn" type="PackedScene" id=3]
[ext_resource path="res://Wecker.tscn" type="PackedScene" id=4]

[node name="Spielwelt" type="Spatial"]

[node name="Player" parent="." instance=ExtResource( 1 )]
transform = Transform( 1, 0, 0, 0, 1, 0, 0, 0, 1, 0, 20.8778, 0 )

[node name="Boden" type="Node" parent="."]

[node name="Bodenplatte" parent="Boden" instance=ExtResource( 2 )]
transform = Transform( 1, 0, 0, 0, 1, 0, 0, 0, 1, 0.0380325, -0.236059, 0.443773 )

[node name="Bodenplatte2" parent="Boden" instance=ExtResource( 2 )]
transform = Transform( 1, 0, 0, 0, 1, 0, 0, 0, 1, 93.1249, -0.23607, 0 )

[node name="Bodenplatte3" parent="Boden" instance=ExtResource( 2 )]
transform = Transform( 1, 0, 0, 0, 1, 0, 0, 0, 1, 0, -0.23607, -94.2148 )

[node name="Bodenplatte4" parent="Boden" instance=ExtResource( 2 )]
transform = Transform( 1, 0, 0, 0, 1, 0, 0, 0, 1, -0.18795, -0.23607, 93.6102 )

[node name="Bodenplatte7" parent="Boden" instance=ExtResource( 2 )]
transform = Transform( 1, 0, 0, 0, 1, 0, 0, 0, 1, -93.2083, -0.23607, 0 )

[node name="Bodenplatte8" parent="Boden" instance=ExtResource( 2 )]
transform = Transform( 1, 0, 0, 0, 1, 0, 0, 0, 1, -93.2083, -0.23607, -94.2148 )

[node name="Bodenplatte9" parent="Boden" instance=ExtResource( 2 )]
transform = Transform( 1, 0, 0, 0, 1, 0, 0, 0, 1, -93.3962, -0.23607, 93.6102 )

[node name="Bodenplatte10" parent="Boden" instance=ExtResource( 2 )]
transform = Transform( 0.713263, 0.700897, 0, -0.700897, 0.713263, 0, 0, 0, 1, -169.824, 30.0013, 0 )

[node name="Bodenplatte11" parent="Boden" instance=ExtResource( 2 )]
transform = Transform( 0.713263, 0.700897, 0, -0.700897, 0.713263, 0, 0, 0, 1, -169.824, 30.0013, -94.2148 )

[node name="Bodenplatte22" parent="Boden" instance=ExtResource( 2 )]
transform = Transform( 0.514106, 0.505193, -0.693163, -0.700897, 0.713263, 0, 0.494407, 0.485836, 0.720781, -156.23, 25.1869, -153.864 )

[node name="Bodenplatte12" parent="Boden" instance=ExtResource( 2 )]
transform = Transform( 0.713263, 0.700897, 0, -0.700897, 0.713263, 0, 0, 0, 1, -169.958, 30.1331, 93.6102 )

[node name="Bodenplatte19" parent="Boden" instance=ExtResource( 2 )]
transform = Transform( -0.713263, -0.700897, -8.74228e-08, -0.700897, 0.713263, 0, 6.23554e-08, 6.12743e-08, -1, 176.824, 30.0013, -0.604568 )

[node name="Bodenplatte20" parent="Boden" instance=ExtResource( 2 )]
transform = Transform( -0.713263, -0.700897, -8.74228e-08, -0.700897, 0.713263, 0, 6.23554e-08, 6.12743e-08, -1, 176.824, 30.0013, 93.6102 )

[node name="Bodenplatte24" parent="Boden" instance=ExtResource( 2 )]
transform = Transform( -0.547254, -0.537766, 0.641342, -0.700897, 0.713263, 0, -0.457446, -0.449515, -0.767255, 137.309, 30.0013, 134.782 )

[node name="Bodenplatte21" parent="Boden" instance=ExtResource( 2 )]
transform = Transform( -0.713263, -0.700897, -8.74228e-08, -0.700897, 0.713263, 0, 6.23554e-08, 6.12743e-08, -1, 176.958, 30.1331, -94.2148 )

[node name="Bodenplatte13" parent="Boden" instance=ExtResource( 2 )]
transform = Transform( -3.11777e-08, -3.06372e-08, 1, -0.700897, 0.713263, 0, -0.713263, -0.700897, -4.37114e-08, -2.05142, 30.0013, 167.799 )

[node name="Bodenplatte14" parent="Boden" instance=ExtResource( 2 )]
transform = Transform( -3.11777e-08, -3.06372e-08, 1, -0.700897, 0.713263, 0, -0.713263, -0.700897, -4.37114e-08, -96.2662, 30.0013, 167.799 )

[node name="Bodenplatte23" parent="Boden" instance=ExtResource( 2 )]
transform = Transform( 0.425305, 0.417931, 0.802776, -0.700897, 0.713263, 0, -0.57259, -0.562663, 0.596281, -155.098, 30.0013, 144.7 )

[node name="Bodenplatte15" parent="Boden" instance=ExtResource( 2 )]
transform = Transform( -3.11777e-08, -3.06372e-08, 1, -0.700897, 0.713263, 0, -0.713263, -0.700897, -4.37114e-08, 91.5588, 30.1331, 167.933 )

[node name="Bodenplatte16" parent="Boden" instance=ExtResource( 2 )]
transform = Transform( 9.35331e-08, 9.19115e-08, -1, -0.700897, 0.713263, 0, 0.713263, 0.700897, 1.31134e-07, -2.65601, 30.0013, -177.245 )

[node name="Bodenplatte17" parent="Boden" instance=ExtResource( 2 )]
transform = Transform( 9.35331e-08, 9.19115e-08, -1, -0.700897, 0.713263, 0, 0.713263, 0.700897, 1.31134e-07, 91.5588, 30.0013, -177.245 )

[node name="Bodenplatte25" parent="Boden" instance=ExtResource( 2 )]
transform = Transform( -0.507057, -0.498266, -0.703296, -0.700897, 0.713263, 0, 0.501634, 0.492938, -0.710898, 158.378, 30.0013, -157.658 )

[node name="Bodenplatte18" parent="Boden" instance=ExtResource( 2 )]
transform = Transform( 9.35331e-08, 9.19115e-08, -1, -0.700897, 0.713263, 0, 0.713263, 0.700897, 1.31134e-07, -96.2662, 30.1331, -177.379 )

[node name="Bodenplatte5" parent="Boden" instance=ExtResource( 2 )]
transform = Transform( 1, 0, 0, 0, 1, 0, 0, 0, 1, 93.6399, -0.23607, -94.0593 )

[node name="Bodenplatte6" parent="Boden" instance=ExtResource( 2 )]
transform = Transform( 1, 0, 0, 0, 1, 0, 0, 0, 1, 92.6843, -0.23607, 92.4346 )

[node name="Assets" type="Node" parent="."]

[node name="console" parent="Assets" instance=ExtResource( 3 )]
transform = Transform( 0.218673, 0, -9.99761, 0, 10, 0, 9.99761, 0, 0.218673, -1.02621, 2.96124, -75.4103 )

[node name="console4" parent="Assets" instance=ExtResource( 3 )]
transform = Transform( 0.158502, -6.88924, -7.2466, -9.99761, -4.37114e-07, -0.218673, 0.150649, 7.24833, -6.88759, -84.4326, 10.6815, -64.6032 )

[node name="console5" parent="Assets" instance=ExtResource( 3 )]
transform = Transform( 0.158502, -6.88924, -7.2466, -9.81113, -1.50454, 1.21575, -1.92784, 7.09047, -6.78297, -65.9268, 10.6815, -82.6266 )

[node name="console6" parent="Assets" instance=ExtResource( 3 )]
transform = Transform( -7.69737, 0.33249, -6.37494, 0.550534, 9.9838, -0.144026, 6.35982, -0.461825, -7.7032, -74.7066, 26.1048, -74.1774 )

[node name="console2" parent="Assets" instance=ExtResource( 3 )]
transform = Transform( 6.73877, 0, -7.38844, 0, 10, 0, 7.38844, 0, 6.73877, 23.9212, 2.96124, -75.4103 )

[node name="console3" parent="Assets" instance=ExtResource( 3 )]
transform = Transform( 9.99994, 0, -0.0347319, 0, 10, 0, 0.0347319, 0, 9.99994, 13.3497, 12.2823, -75.4103 )

[node name="console7" parent="Assets" instance=ExtResource( 3 )]
transform = Transform( 0.218673, 0, -9.99761, 0, 10, 0, 9.99761, 0, 0.218673, -1.02621, 2.96124, 72.3715 )

[node name="console8" parent="Assets" instance=ExtResource( 3 )]
transform = Transform( 6.73877, 0, -7.38844, 0, 10, 0, 7.38844, 0, 6.73877, 23.9212, 2.96124, 72.3715 )

[node name="console9" parent="Assets" instance=ExtResource( 3 )]
transform = Transform( 9.99994, 0, -0.0347319, 0, 10, 0, 0.0347319, 0, 9.99994, 13.3497, 12.2823, 72.3715 )

[node name="console18" parent="Assets" instance=ExtResource( 3 )]
transform = Transform( -5.73413, 0, -4.01494, 0, 7, 0, 4.01494, 0, -5.73413, 30.5608, 2.96124, -21.5157 )

[node name="console19" parent="Assets" instance=ExtResource( 3 )]
transform = Transform( -1.68005, 0, -6.7954, 0, 7, 0, 6.7954, 0, -1.68005, 44.4194, 2.96124, -0.771677 )

[node name="console20" parent="Assets" instance=ExtResource( 3 )]
transform = Transform( 3.86835, 0, -5.83403, 0, 7, 0, 5.83403, 0, 3.86835, 38.5468, 8.47098, -12.1886 )

[node name="console10" parent="Assets" instance=ExtResource( 3 )]
transform = Transform( 7.9791, 0, -6.02776, 0, 10, 0, 6.02776, 0, 7.9791, 59.221, 2.96124, 82.1576 )

[node name="console11" parent="Assets" instance=ExtResource( 3 )]
transform = Transform( 4.98754, 0, 0.3527, 0, 5, 0, -0.3527, 0, 4.98754, 62.3088, 2.96124, 65.5715 )

[node name="console12" parent="Assets" instance=ExtResource( 3 )]
transform = Transform( 9.66007, 0, 2.58516, 0, 10, 0, -2.58516, 0, 9.66007, 43.5653, 12.2823, 79.3067 )

[node name="console13" parent="Assets" instance=ExtResource( 3 )]
transform = Transform( 0.296782, -9.89927, -1.38436, 8.05667, -0.582835, 5.89495, -5.91625, -1.29028, 7.95821, 27.2929, 20.007, 72.5543 )

[node name="console14" parent="Assets" instance=ExtResource( 3 )]
transform = Transform( 0.567171, -9.98328, -0.111232, 2.04052, 0.00685191, 9.7896, -9.77316, -0.577935, 2.0375, 28.3996, 33.3672, 53.2537 )

[node name="console15" parent="Assets" instance=ExtResource( 3 )]
transform = Transform( 0.567171, -9.98328, -0.111232, -1.42533, -0.191236, 9.89605, -9.88164, -0.545421, -1.43379, 28.3996, 33.3672, 30.2214 )

[node name="console16" parent="Assets" instance=ExtResource( 3 )]
transform = Transform( 0.567171, -9.98328, -0.111232, -7.33953, -0.49245, 6.77413, -6.76828, -0.30257, -7.35519, 28.3996, 25.6166, 11.1168 )

[node name="console17" parent="Assets" instance=ExtResource( 3 )]
transform = Transform( 0.567171, -9.98328, -0.111232, -9.94204, -0.554566, -0.921031, 0.913324, 0.162826, -9.95687, 28.3996, 9.49682, -0.261061 )

[node name="Wecker" parent="." instance=ExtResource( 4 )]
transform = Transform( 0.980515, -0.196442, 0, 0.196442, 0.980515, 0, 0, 0, 1, -124.715, 1.70469, 12.0137 )

[node name="Wecker2" parent="." instance=ExtResource( 4 )]
transform = Transform( -0.0694907, -0.0986277, 0.636078, 0.0147353, 0.639362, 0.100747, -0.993962, 0.0390641, -0.102532, -0.737152, 1.36811, 128.84 )
