[gd_scene load_steps=12 format=2]

[ext_resource path="res://MainMenu.tscn" type="PackedScene" id=1]
[ext_resource path="res://Prefabs/Terrain.tscn" type="PackedScene" id=2]
[ext_resource path="res://Prefabs/Items/Item_FlatRock.tscn" type="PackedScene" id=3]
[ext_resource path="res://Audio/Music/music_layer_1-01.ogg" type="AudioStream" id=4]
[ext_resource path="res://Spielwelt.gd" type="Script" id=6]
[ext_resource path="res://Prefabs/Prefab_SkyClock.tscn" type="PackedScene" id=8]
[ext_resource path="res://ItemManager.gd" type="Script" id=9]
[ext_resource path="res://Prefabs/Items/Item_Tree.tscn" type="PackedScene" id=10]
[ext_resource path="res://Spawner.gd" type="Script" id=11]
[ext_resource path="res://Prefabs/Items/Item_TallRock.tscn" type="PackedScene" id=12]
[ext_resource path="res://Prefabs/Items/Item_Hedge.tscn" type="PackedScene" id=13]

[node name="Spielwelt" type="Spatial"]
script = ExtResource( 6 )

[node name="Assets" type="Node" parent="."]

[node name="Boden" type="Node" parent="Assets"]

[node name="Terrain" parent="Assets/Boden" instance=ExtResource( 2 )]
transform = Transform( 10.2065, 0, 0, 0, 10.2065, 0, 0, 0, 10.2065, 0.394592, -1.5657, 0.724739 )

[node name="Items" type="Node" parent="Assets"]
script = ExtResource( 9 )

[node name="Item_Tree" parent="Assets/Items" instance=ExtResource( 10 )]
transform = Transform( 10.3223, 0, 2.14253, 0, 10.5423, 0, -2.14253, 0, 10.3223, -115.496, -5.28491, -7.61845 )

[node name="Item_Tree5" parent="Assets/Items" instance=ExtResource( 10 )]
transform = Transform( 1.95826, 0, 0.406463, 0, 2, 0, -0.406463, 0, 1.95826, -177.215, 29.5714, -7.61845 )

[node name="Item_Tree35" parent="Assets/Items" instance=ExtResource( 10 )]
transform = Transform( 0.979131, 0, 0.203232, 0, 1, 0, -0.203232, 0, 0.979131, -177.215, 29.9845, -21.0126 )

[node name="Item_Tree37" parent="Assets/Items" instance=ExtResource( 10 )]
transform = Transform( 0.489565, 0, 0.101616, 0, 0.5, 0, -0.101616, 0, 0.489565, -168.949, 31.6103, -33.8468 )

[node name="Item_Tree36" parent="Assets/Items" instance=ExtResource( 10 )]
transform = Transform( 2.93739, 0, 0.609695, 0, 3, 0, -0.609695, 0, 2.93739, -179.015, 31.0192, -35.4817 )

[node name="Item_Tree39" parent="Assets/Items" instance=ExtResource( 10 )]
transform = Transform( -1.32665, 0, 1.49666, 0, 2, 0, -1.49666, 0, -1.32665, -147.008, 22.2949, -45.5349 )

[node name="Item_Tree134" parent="Assets/Items" instance=ExtResource( 10 )]
transform = Transform( -1.32665, 0, 1.49666, 0, 2, 0, -1.49666, 0, -1.32665, -171.554, 29.9201, -42.9006 )

[node name="Item_Tree40" parent="Assets/Items" instance=ExtResource( 10 )]
transform = Transform( -0.663326, 0, 0.748331, 0, 1, 0, -0.748331, 0, -0.663326, -158.628, 23.58, -38.8727 )

[node name="Item_Tree41" parent="Assets/Items" instance=ExtResource( 10 )]
transform = Transform( -0.331663, 0, 0.374165, 0, 0.5, 0, -0.374165, 0, -0.331663, -173.873, 30.827, -39.6598 )

[node name="Item_Tree43" parent="Assets/Items" instance=ExtResource( 10 )]
transform = Transform( 1.95826, 0, 0.406463, 0, 2, 0, -0.406463, 0, 1.95826, -177.215, 28.4334, -47.3521 )

[node name="Item_Tree44" parent="Assets/Items" instance=ExtResource( 10 )]
transform = Transform( 0.979131, 0, 0.203232, 0, 1, 0, -0.203232, 0, 0.979131, -177.215, 29.9845, -60.7463 )

[node name="Item_Tree45" parent="Assets/Items" instance=ExtResource( 10 )]
transform = Transform( -0.331663, 0, 0.374165, 0, 0.5, 0, -0.374165, 0, -0.331663, -173.873, 31.6103, -79.3934 )

[node name="Item_Tree46" parent="Assets/Items" instance=ExtResource( 10 )]
transform = Transform( 1.12601, 0, 1.6529, 0, 2, 0, -1.6529, 0, 1.12601, -177.215, 28.4334, -47.3521 )

[node name="Item_Tree49" parent="Assets/Items" instance=ExtResource( 10 )]
transform = Transform( -0.628126, 0, 0.778112, 0, 1, 0, -0.778112, 0, -0.628126, -135.896, 18.1512, -46.2799 )

[node name="Item_Tree53" parent="Assets/Items" instance=ExtResource( 10 )]
transform = Transform( -0.628126, 0, 0.778112, 0, 1, 0, -0.778112, 0, -0.628126, -148.991, 22.5135, -38.8676 )

[node name="Item_Tree54" parent="Assets/Items" instance=ExtResource( 10 )]
transform = Transform( -0.628126, 0, 0.778112, 0, 1, 0, -0.778112, 0, -0.628126, -148.991, 24.2353, -55.6567 )

[node name="Item_Tree55" parent="Assets/Items" instance=ExtResource( 10 )]
transform = Transform( -0.628126, 0, 0.778112, 0, 1, 0, -0.778112, 0, -0.628126, -148.991, 21.2432, -27.3596 )

[node name="Item_Tree50" parent="Assets/Items" instance=ExtResource( 10 )]
transform = Transform( -0.314063, 0, 0.389056, 0, 0.5, 0, -0.389056, 0, -0.314063, -151.089, 24.3113, -47.7688 )

[node name="Item_Tree51" parent="Assets/Items" instance=ExtResource( 10 )]
transform = Transform( -0.628126, 0, 0.778112, 0, 1, 0, -0.778112, 0, -0.628126, -171.24, 29.9845, -28.1263 )

[node name="Item_Tree52" parent="Assets/Items" instance=ExtResource( 10 )]
transform = Transform( -1.86383, 0, -0.725331, 0, 2, 0, 0.725331, 0, -1.86383, -159.326, 25.5648, -34.2459 )

[node name="Item_Tree47" parent="Assets/Items" instance=ExtResource( 10 )]
transform = Transform( 0.979131, 0, 0.203232, 0, 1, 0, -0.203232, 0, 0.979131, -177.215, 33.0363, -60.7463 )

[node name="Item_Tree48" parent="Assets/Items" instance=ExtResource( 10 )]
transform = Transform( -0.331663, 0, 0.374165, 0, 0.5, 0, -0.374165, 0, -0.331663, -173.873, 31.6103, -79.3934 )

[node name="Item_Tree42" parent="Assets/Items" instance=ExtResource( 10 )]
transform = Transform( -2.99964, 0, 0.0466468, 0, 3, 0, -0.0466468, 0, -2.99964, -170.285, 26.9456, -30.1142 )

[node name="Item_Tree68" parent="Assets/Items" instance=ExtResource( 10 )]
transform = Transform( 1.95826, 0, 0.406463, 0, 2, 0, -0.406463, 0, 1.95826, -177.215, 23.2763, 27.1565 )

[node name="Item_Tree69" parent="Assets/Items" instance=ExtResource( 10 )]
transform = Transform( 0.182767, 0, 0.983157, 0, 1, 0, -0.983157, 0, 0.182767, -177.215, 25.1584, 13.7624 )

[node name="Item_Tree70" parent="Assets/Items" instance=ExtResource( 10 )]
transform = Transform( -1.25625, 0, 1.55622, 0, 2, 0, -1.55622, 0, -1.25625, -159.326, 18.5966, 0.529095 )

[node name="Item_Tree71" parent="Assets/Items" instance=ExtResource( 10 )]
transform = Transform( -1.98998, 0, 2.24499, 0, 3, 0, -2.24499, 0, -1.98998, -170.285, 23.6382, 4.66079 )

[node name="Item_Tree56" parent="Assets/Items" instance=ExtResource( 10 )]
transform = Transform( 0.930484, 0, -1.77036, 0, 2, 0, 1.77036, 0, 0.930484, -189.828, 37.8389, -69.5111 )

[node name="Item_Tree57" parent="Assets/Items" instance=ExtResource( 10 )]
transform = Transform( 0.870072, 0, -0.492925, 0, 1, 0, 0.492925, 0, 0.870072, -180.995, 33.0363, -79.58 )

[node name="Item_Tree58" parent="Assets/Items" instance=ExtResource( 10 )]
transform = Transform( 2.61022, 0, -1.47877, 0, 3, 0, 1.47877, 0, 2.61022, -172.806, 31.458, -91.644 )

[node name="Item_Tree72" parent="Assets/Items" instance=ExtResource( 10 )]
transform = Transform( 1.99164, 0, 0.182688, 0, 2, 0, -0.182688, 0, 1.99164, -212.134, 37.8389, -69.5111 )

[node name="Item_Tree73" parent="Assets/Items" instance=ExtResource( 10 )]
transform = Transform( 1.39054, 0, -2.65827, 0, 3, 0, 2.65827, 0, 1.39054, -195.112, 31.458, -100.166 )

[node name="Item_Tree59" parent="Assets/Items" instance=ExtResource( 10 )]
transform = Transform( -0.0102975, 0, 1.99997, 0, 2, 0, -1.99997, 0, -0.0102975, -142.115, 22.6311, -78.0938 )

[node name="Item_Tree60" parent="Assets/Items" instance=ExtResource( 10 )]
transform = Transform( -0.00514877, 0, 0.999987, 0, 1, 0, -0.999987, 0, -0.00514877, -155.244, 30.879, -80.7484 )

[node name="Item_Tree61" parent="Assets/Items" instance=ExtResource( 10 )]
transform = Transform( 1.90724, 0, 0.602008, 0, 2, 0, -0.602008, 0, 1.90724, -163.625, 35.0753, -99.3804 )

[node name="Item_Tree133" parent="Assets/Items" instance=ExtResource( 10 )]
transform = Transform( 1.90724, 0, 0.602008, 0, 2, 0, -0.602008, 0, 1.90724, -169.472, 35.0753, -117.903 )

[node name="Item_Tree62" parent="Assets/Items" instance=ExtResource( 10 )]
transform = Transform( 0.10786, 0, -0.994166, 0, 1, 0, 0.994166, 0, 0.10786, -154.792, 34.1744, -109.449 )

[node name="Item_Tree132" parent="Assets/Items" instance=ExtResource( 10 )]
transform = Transform( 0.10786, 0, -0.994166, 0, 1, 0, 0.994166, 0, 0.10786, -153.493, 33.4018, -97.476 )

[node name="Item_Tree101" parent="Assets/Items" instance=ExtResource( 10 )]
transform = Transform( -1.25625, 0, 1.55622, 0, 2, 0, -1.55622, 0, -1.25625, -153.462, 20.7381, 189.845 )

[node name="Item_Tree102" parent="Assets/Items" instance=ExtResource( 10 )]
transform = Transform( -1.98998, 0, 2.24499, 0, 3, 0, -2.24499, 0, -1.98998, -170.285, 22.1551, 193.977 )

[node name="Item_Tree103" parent="Assets/Items" instance=ExtResource( 10 )]
transform = Transform( 0.930484, 0, -1.77036, 0, 2, 0, 1.77036, 0, 0.930484, -189.828, 28.0435, 45.9998 )

[node name="Item_Tree104" parent="Assets/Items" instance=ExtResource( 10 )]
transform = Transform( 0.870072, 0, -0.492925, 0, 1, 0, 0.492925, 0, 0.870072, -180.995, 29.9845, 109.736 )

[node name="Item_Tree105" parent="Assets/Items" instance=ExtResource( 10 )]
transform = Transform( 2.61022, 0, -1.47877, 0, 3, 0, 1.47877, 0, 2.61022, -172.806, 23.3041, 97.6719 )

[node name="Item_Tree106" parent="Assets/Items" instance=ExtResource( 10 )]
transform = Transform( 1.99164, 0, 0.182688, 0, 2, 0, -0.182688, 0, 1.99164, -212.134, 31.4125, 69.1621 )

[node name="Item_Tree107" parent="Assets/Items" instance=ExtResource( 10 )]
transform = Transform( 1.39054, 0, -2.65827, 0, 3, 0, 2.65827, 0, 1.39054, -195.112, 31.458, 89.1498 )

[node name="Item_Tree108" parent="Assets/Items" instance=ExtResource( 10 )]
transform = Transform( -0.0102975, 0, 1.99997, 0, 2, 0, -1.99997, 0, -0.0102975, -142.115, 19.0888, 111.222 )

[node name="Item_Tree109" parent="Assets/Items" instance=ExtResource( 10 )]
transform = Transform( -0.00514877, 0, 0.999987, 0, 1, 0, -0.999987, 0, -0.00514877, -155.244, 23.3339, 108.567 )

[node name="Item_Tree110" parent="Assets/Items" instance=ExtResource( 10 )]
transform = Transform( 1.90724, 0, 0.602008, 0, 2, 0, -0.602008, 0, 1.90724, -163.625, 20.4957, 89.9355 )

[node name="Item_Tree111" parent="Assets/Items" instance=ExtResource( 10 )]
transform = Transform( 0.10786, 0, -0.994166, 0, 1, 0, 0.994166, 0, 0.10786, -154.792, 18.1385, 79.8669 )

[node name="Item_Tree63" parent="Assets/Items" instance=ExtResource( 10 )]
transform = Transform( 0.0409513, 0, 0.999161, 0, 1, 0, -0.999161, 0, 0.0409513, -133.271, 25.5833, -71.3259 )

[node name="Item_Tree75" parent="Assets/Items" instance=ExtResource( 10 )]
transform = Transform( 0.696364, 0, 0.717689, 0, 1, 0, -0.717689, 0, 0.696364, -124.548, 18.864, -67.1554 )

[node name="Item_Tree64" parent="Assets/Items" instance=ExtResource( 10 )]
transform = Transform( 0.0409513, 0, 0.999161, 0, 1, 0, -0.999161, 0, 0.0409513, -148.003, 26.7855, -74.3894 )

[node name="Item_Tree65" parent="Assets/Items" instance=ExtResource( 10 )]
transform = Transform( 0.0409513, 0, 0.999161, 0, 1, 0, -0.999161, 0, 0.0409513, -136.931, 27.3809, -87.0103 )

[node name="Item_Tree76" parent="Assets/Items" instance=ExtResource( 10 )]
transform = Transform( 0.930484, 0, -1.77036, 0, 2, 0, 1.77036, 0, 0.930484, 339.405, -2.18418, -69.5111 )

[node name="Item_Tree77" parent="Assets/Items" instance=ExtResource( 10 )]
transform = Transform( 0.870072, 0, -0.492925, 0, 1, 0, 0.492925, 0, 0.870072, 348.244, 1.01525, -79.5799 )

[node name="Item_Tree78" parent="Assets/Items" instance=ExtResource( 10 )]
transform = Transform( 2.61022, 0, -1.47877, 0, 3, 0, 1.47877, 0, 2.61022, 356.427, 1.45448, -91.644 )

[node name="Item_Tree116" parent="Assets/Items" instance=ExtResource( 10 )]
transform = Transform( 2.61022, 0, -1.47877, 0, 3, 0, 1.47877, 0, 2.61022, 356.427, 1.45448, -52.9649 )

[node name="Item_Tree79" parent="Assets/Items" instance=ExtResource( 10 )]
transform = Transform( 1.99164, 0, 0.182688, 0, 2, 0, -0.182688, 0, 1.99164, 317.099, -2.9506, -69.5111 )

[node name="Item_Tree80" parent="Assets/Items" instance=ExtResource( 10 )]
transform = Transform( 2.76608, 0, -1.16139, 0, 3, 0, 1.16139, 0, 2.76608, 334.121, 0.0245266, -100.166 )

[node name="Item_Tree81" parent="Assets/Items" instance=ExtResource( 10 )]
transform = Transform( -0.0102975, 0, 1.99997, 0, 2, 0, -1.99997, 0, -0.0102975, 394.092, -1.38964, -93.751 )

[node name="Item_Tree82" parent="Assets/Items" instance=ExtResource( 10 )]
transform = Transform( -0.00514877, 0, 0.999987, 0, 1, 0, -0.999987, 0, -0.00514877, 373.989, 1.85145, -80.7484 )

[node name="Item_Tree83" parent="Assets/Items" instance=ExtResource( 10 )]
transform = Transform( 1.93078, 0, -0.521615, 0, 2, 0, 0.521615, 0, 1.93078, 365.608, 1.98789, -99.3804 )

[node name="Item_Tree117" parent="Assets/Items" instance=ExtResource( 10 )]
transform = Transform( 1.90724, 0, 0.602008, 0, 2, 0, -0.602008, 0, 1.90724, 356.554, 1.98789, -119.521 )

[node name="Item_Tree84" parent="Assets/Items" instance=ExtResource( 10 )]
transform = Transform( 0.10786, 0, -0.994166, 0, 1, 0, 0.994166, 0, 0.10786, 374.441, 2.19867, -109.449 )

[node name="Item_Tree85" parent="Assets/Items" instance=ExtResource( 10 )]
transform = Transform( 0.0409513, 0, 0.999161, 0, 1, 0, -0.999161, 0, 0.0409513, 395.962, 4.77366, -71.3259 )

[node name="Item_Tree86" parent="Assets/Items" instance=ExtResource( 10 )]
transform = Transform( 0.696364, 0, 0.717689, 0, 1, 0, -0.717689, 0, 0.696364, 404.686, 1.10613, -67.1554 )

[node name="Item_Tree87" parent="Assets/Items" instance=ExtResource( 10 )]
transform = Transform( 0.0409513, 0, 0.999161, 0, 1, 0, -0.999161, 0, 0.0409513, 381.23, 2.97442, -74.3894 )

[node name="Item_Tree124" parent="Assets/Items" instance=ExtResource( 10 )]
transform = Transform( 0.0409513, 0, 0.999161, 0, 1, 0, -0.999161, 0, 0.0409513, 381.23, -3.56208, -128.771 )

[node name="Item_Tree88" parent="Assets/Items" instance=ExtResource( 10 )]
transform = Transform( 0.0409513, 0, 0.999161, 0, 1, 0, -0.999161, 0, 0.0409513, 392.302, 1.77311, -87.0103 )

[node name="Item_Tree93" parent="Assets/Items" instance=ExtResource( 10 )]
transform = Transform( -0.316676, 0, -0.948534, 0, 1, 0, 0.948534, 0, -0.316676, 384.641, 2.19867, -92.1388 )

[node name="Item_Tree125" parent="Assets/Items" instance=ExtResource( 10 )]
transform = Transform( 0.995026, 0, -0.0996155, 0, 1, 0, 0.0996155, 0, 0.995026, 332.617, 2.19867, -131.038 )

[node name="Item_Tree126" parent="Assets/Items" instance=ExtResource( 10 )]
transform = Transform( -0.969205, 0, 0.246255, 0, 1, 0, -0.246255, 0, -0.969205, 374.361, -3.6203, -144.229 )

[node name="Item_Tree127" parent="Assets/Items" instance=ExtResource( 10 )]
transform = Transform( -0.558542, 0, 0.829477, 0, 1, 0, -0.829477, 0, -0.558542, 380.242, -4.40249, -151.904 )

[node name="Item_Tree128" parent="Assets/Items" instance=ExtResource( 10 )]
transform = Transform( -0.969205, 0, 0.246255, 0, 1, 0, -0.246255, 0, -0.969205, 368.323, -1.19181, -130.446 )

[node name="Item_Tree129" parent="Assets/Items" instance=ExtResource( 10 )]
transform = Transform( -0.969205, 0, 0.246255, 0, 1, 0, -0.246255, 0, -0.969205, 315.112, -3.50196, -141.668 )

[node name="Item_Tree130" parent="Assets/Items" instance=ExtResource( 10 )]
transform = Transform( -0.969205, 0, 0.246255, 0, 1, 0, -0.246255, 0, -0.969205, 358.259, -1.88871, -143.884 )

[node name="Item_Tree131" parent="Assets/Items" instance=ExtResource( 10 )]
transform = Transform( 0.86277, 0, -0.505597, 0, 1, 0, 0.505597, 0, 0.86277, 351.66, 2.19867, -137.446 )

[node name="Item_Tree118" parent="Assets/Items" instance=ExtResource( 10 )]
transform = Transform( 0.881361, 0, -0.472443, 0, 1, 0, 0.472443, 0, 0.881361, 384.641, -1.37387, -110.192 )

[node name="Item_Tree94" parent="Assets/Items" instance=ExtResource( 10 )]
transform = Transform( 0.454006, 0, 0.890999, 0, 1, 0, -0.890999, 0, 0.454006, 388.297, 1.14106, -48.5136 )

[node name="Item_Tree95" parent="Assets/Items" instance=ExtResource( 10 )]
transform = Transform( 0.932261, 0, 0.361787, 0, 1, 0, -0.361787, 0, 0.932261, 394.486, 1.10613, -41.0844 )

[node name="Item_Tree96" parent="Assets/Items" instance=ExtResource( 10 )]
transform = Transform( 0.454006, 0, 0.890999, 0, 1, 0, -0.890999, 0, 0.454006, 391.513, 1.77311, -64.295 )

[node name="Item_Tree97" parent="Assets/Items" instance=ExtResource( 10 )]
transform = Transform( -0.316676, 0, -0.948534, 0, 1, 0, 0.948534, 0, -0.316676, 343.375, 2.19867, -92.1388 )

[node name="Item_Tree98" parent="Assets/Items" instance=ExtResource( 10 )]
transform = Transform( 0.454006, 0, 0.890999, 0, 1, 0, -0.890999, 0, 0.454006, 347.032, -0.801951, -48.5136 )

[node name="Item_Tree99" parent="Assets/Items" instance=ExtResource( 10 )]
transform = Transform( 0.932261, 0, 0.361787, 0, 1, 0, -0.361787, 0, 0.932261, 353.22, -0.571808, -41.0844 )

[node name="Item_Tree100" parent="Assets/Items" instance=ExtResource( 10 )]
transform = Transform( 0.454006, 0, 0.890999, 0, 1, 0, -0.890999, 0, 0.454006, 350.248, -0.0667701, -64.295 )

[node name="Item_Tree115" parent="Assets/Items" instance=ExtResource( 10 )]
transform = Transform( 0.454006, 0, 0.890999, 0, 1, 0, -0.890999, 0, 0.454006, 369.795, -0.0667701, -64.295 )

[node name="Item_Tree89" parent="Assets/Items" instance=ExtResource( 10 )]
transform = Transform( 0.10786, 0, -0.994166, 0, 1, 0, 0.994166, 0, 0.10786, 374.441, 2.19867, -109.449 )

[node name="Item_Tree90" parent="Assets/Items" instance=ExtResource( 10 )]
transform = Transform( 0.0409513, 0, 0.999161, 0, 1, 0, -0.999161, 0, 0.0409513, 395.962, 4.77366, -71.3259 )

[node name="Item_Tree91" parent="Assets/Items" instance=ExtResource( 10 )]
transform = Transform( 0.696364, 0, 0.717689, 0, 1, 0, -0.717689, 0, 0.696364, 404.686, 1.10613, -67.1554 )

[node name="Item_Tree92" parent="Assets/Items" instance=ExtResource( 10 )]
transform = Transform( 0.0409513, 0, 0.999161, 0, 1, 0, -0.999161, 0, 0.0409513, 392.302, 1.77311, -87.0103 )

[node name="Item_Tree66" parent="Assets/Items" instance=ExtResource( 10 )]
transform = Transform( 0.0409513, 0, 0.999161, 0, 1, 0, -0.999161, 0, 0.0409513, -155.592, 26.7855, -65.7383 )

[node name="Item_Tree74" parent="Assets/Items" instance=ExtResource( 10 )]
transform = Transform( -0.461857, 0, 0.886954, 0, 1, 0, -0.886954, 0, -0.461857, -145.612, 24.7988, -65.7383 )

[node name="Item_Tree67" parent="Assets/Items" instance=ExtResource( 10 )]
transform = Transform( -2.25348, 0, 1.98036, 0, 3, 0, -1.98036, 0, -2.25348, -169.783, 26.8327, -81.8516 )

[node name="Item_Tree2" parent="Assets/Items" instance=ExtResource( 10 )]
transform = Transform( -1.62182, 0, -4.72966, 0, 5, 0, 4.72966, 0, -1.62182, -24.6949, -8.50129, 11.2666 )

[node name="Item_Tree3" parent="Assets/Items" instance=ExtResource( 10 )]
transform = Transform( -4.48192, 0, 7.55321, 0, 8.78285, 0, -7.55321, 0, -4.48192, -101.792, -9.48608, 100.772 )

[node name="Item_Tree4" parent="Assets/Items" instance=ExtResource( 10 )]
transform = Transform( -5.23919, 0, 8.82942, 0, 10.2668, 0, -8.82942, 0, -5.23919, 48.4986, -8.67955, -27.5307 )

[node name="Item_Tree6" parent="Assets/Items" instance=ExtResource( 10 )]
transform = Transform( -3.5933, 0, 6.05566, 0, 7.0415, 0, -6.05566, 0, -3.5933, 4.6362, -4.66531, 25.16 )

[node name="Item_Tree9" parent="Assets/Items" instance=ExtResource( 10 )]
transform = Transform( 6.93771, 0, 1.20459, 0, 7.0415, 0, -1.20459, 0, 6.93771, 119.527, -0.944012, -1.52759 )

[node name="Item_Tree7" parent="Assets/Items" instance=ExtResource( 10 )]
transform = Transform( -4.67296, 0, 7.87517, 0, 9.15723, 0, -7.87517, 0, -4.67296, 52.1922, -12.7386, 99.1531 )

[node name="Item_Tree112" parent="Assets/Items" instance=ExtResource( 10 )]
transform = Transform( -4.08242, 0, 6.87996, 0, 8, 0, -6.87996, 0, -4.08242, 52.1922, -16.5883, 221.671 )

[node name="Item_Tree33" parent="Assets/Items" instance=ExtResource( 10 )]
transform = Transform( -12.056, 0, 8.92487, 0, 15, 0, -8.92487, 0, -12.056, 188.681, 3.5108, 249.671 )

[node name="Item_Tree8" parent="Assets/Items" instance=ExtResource( 10 )]
transform = Transform( 1.54999, 0, 9.02509, 0, 9.15723, 0, -9.02509, 0, 1.54999, -53.7749, 8.51075, -110.166 )

[node name="Item_Tree38" parent="Assets/Items" instance=ExtResource( 10 )]
transform = Transform( 6.3113, 0, 6.63493, 0, 9.15723, 0, -6.63493, 0, 6.3113, -5.94973, 8.51075, -260.521 )

[node name="Item_Tree113" parent="Assets/Items" instance=ExtResource( 10 )]
transform = Transform( 17.2304, 0, 18.1139, 0, 25, 0, -18.1139, 0, 17.2304, 235.631, -120.903, -260.521 )

[node name="Item_Tree27" parent="Assets/Items" instance=ExtResource( 10 )]
transform = Transform( 6.3113, 0, 6.63493, 0, 9.15723, 0, -6.63493, 0, 6.3113, -243.468, 8.25289, -187.076 )

[node name="Item_Tree28" parent="Assets/Items" instance=ExtResource( 10 )]
transform = Transform( 5.51372, 0, 5.79645, 0, 8, 0, -5.79645, 0, 5.51372, -290.036, -7.78473, -187.076 )

[node name="Item_Tree29" parent="Assets/Items" instance=ExtResource( 10 )]
transform = Transform( 10.3382, 0, 10.8684, 0, 15, 0, -10.8684, 0, 10.3382, -255.069, -8.38808, -232.617 )

[node name="Item_Tree11" parent="Assets/Items" instance=ExtResource( 10 )]
transform = Transform( -4.29816, 1.83608, -4.51764, 1.30005, 6.06266, 1.36975, 4.54461, 0.0022105, -4.32293, 128.752, -9.11325, -110.168 )

[node name="Item_Tree26" parent="Assets/Items" instance=ExtResource( 10 )]
transform = Transform( -6.58206, 2.89798, -6.94825, -1.44711, 8.57027, 4.94533, 7.38799, 4.26053, -5.22164, 128.752, -9.11326, -149.348 )

[node name="Item_Tree13" parent="Assets/Items" instance=ExtResource( 10 )]
transform = Transform( -3.50916, -3.28278, -4.32663, -2.5348, 5.39801, -2.27899, 4.69876, 0.460347, -4.13031, 169.927, -4.796, -110.159 )

[node name="Item_Tree22" parent="Assets/Items" instance=ExtResource( 10 )]
transform = Transform( -2.66222, -0.435613, -2.95344, -0.508087, 3.96557, -0.126907, 2.94184, 0.290687, -2.69464, 148.357, -4.796, -110.159 )

[node name="Item_Tree23" parent="Assets/Items" instance=ExtResource( 10 )]
transform = Transform( -2.4264, -1.48941, -2.80967, -1.20754, 3.70097, -0.919071, 2.94184, 0.290687, -2.69464, 157.4, -6.73781, -110.159 )

[node name="Item_Tree24" parent="Assets/Items" instance=ExtResource( 10 )]
transform = Transform( -2.70951, 0.409616, -2.91389, 1.0251, 3.84432, -0.412793, 2.75821, -1.02638, -2.70903, 141.397, -6.73781, -98.465 )

[node name="Item_Tree25" parent="Assets/Items" instance=ExtResource( 10 )]
transform = Transform( -2.70951, 0.409616, -2.91389, 0.0641844, 3.96834, 0.498162, 2.94184, 0.290687, -2.69464, 141.397, -6.73781, -110.159 )

[node name="Item_Tree12" parent="Assets/Items" instance=ExtResource( 10 )]
transform = Transform( 4.49047, 0, 4.72073, 0, 6.3346, 0, -4.54461, 0, 4.32293, 144.161, 44.5509, -110.173 )

[node name="Item_Tree10" parent="Assets/Items" instance=ExtResource( 10 )]
transform = Transform( -4.49044, -0.0235493, -4.7207, 0.0166936, -6.33455, 0.0175496, -4.54461, 0, 4.32293, 243.521, 98.5066, -110.11 )

[node name="Item_Tree16" parent="Assets/Items" instance=ExtResource( 10 )]
transform = Transform( -3.54692, 3.88479, -3.72879, -2.75385, -5.00355, -2.89506, -4.54461, 0, 4.32293, 213.809, 87.7464, -110.11 )

[node name="Item_Tree15" parent="Assets/Items" instance=ExtResource( 10 )]
transform = Transform( -3.79113, -3.3949, -3.98553, 2.40658, -5.34806, 2.52998, -4.54461, 0, 4.32293, 271.196, 91.6369, -110.11 )

[node name="Item_Tree17" parent="Assets/Items" instance=ExtResource( 10 )]
transform = Transform( -4.29911, -1.82952, -4.51956, -1.03728, -5.32435, 3.26674, -4.6108, 2.90366, 3.14247, 285.656, 134.82, -134.466 )

[node name="Item_Tree18" parent="Assets/Items" instance=ExtResource( 10 )]
transform = Transform( -1.91042, 3.42771, 4.95488, -1.03728, -5.32435, 3.26674, 6.00767, 0.170704, 2.39805, 188.53, 134.82, -109.136 )

[node name="Item_Tree20" parent="Assets/Items" instance=ExtResource( 10 )]
transform = Transform( -1.28891, 5.36473, 3.09806, -1.75054, -3.36416, 5.06206, 6.00767, 0.170704, 2.39805, 146.507, 160.327, -109.136 )

[node name="Item_Tree21" parent="Assets/Items" instance=ExtResource( 10 )]
transform = Transform( -2.12996, -0.800374, 5.89507, 0.536688, -7.75602, -0.846989, 6.00767, 0.170704, 2.39805, 148.062, 157.427, -109.136 )

[node name="Item_Tree14" parent="Assets/Items" instance=ExtResource( 10 )]
transform = Transform( 4.49047, 0, 4.72073, 0, 6.3346, 0, -4.54461, 0, 4.32293, 243.521, -13.2669, -110.11 )

[node name="Item_TallRock" parent="Assets/Items" instance=ExtResource( 12 )]
transform = Transform( 3.40025, 0, 0, 0, 3.40025, 0, 0, 0, 3.40025, -40.4404, -4.01188, -1.36062 )

[node name="Item_TallRock5" parent="Assets/Items" instance=ExtResource( 12 )]
transform = Transform( 3.40025, 0, 0, 0, 3.40025, 0, 0, 0, 3.40025, -40.4404, -4.01188, 19.4938 )

[node name="Item_TallRock2" parent="Assets/Items" instance=ExtResource( 12 )]
transform = Transform( 1.1296, 0, -3.20714, 0, 3.40025, 0, 3.20714, 0, 1.1296, -48.0274, -8.89749, -8.44068 )

[node name="Item_TallRock3" parent="Assets/Items" instance=ExtResource( 12 )]
transform = Transform( -3.30933, 0, 0.781072, 0, 3.40025, 0, -0.781072, 0, -3.30933, -32.3746, -8.89749, 5.83406 )

[node name="Item_TallRock6" parent="Assets/Items" instance=ExtResource( 12 )]
transform = Transform( -3.30933, 0, 0.781072, 0, 3.40025, 0, -0.781072, 0, -3.30933, -54.399, -8.89749, 8.42895 )

[node name="Item_TallRock4" parent="Assets/Items" instance=ExtResource( 12 )]
transform = Transform( -5.45536, 0, 1.28758, 0, 5.60525, 0, -1.28758, 0, -5.45536, -223.771, 45.9292, 5.83406 )

[node name="Item_TallRock71" parent="Assets/Items" instance=ExtResource( 12 )]
transform = Transform( -5.45536, 0, 1.28758, 0, 5.60525, 0, -1.28758, 0, -5.45536, -238.829, 44.427, 32.8602 )

[node name="Item_TallRock10" parent="Assets/Items" instance=ExtResource( 12 )]
transform = Transform( 1.8221, 0, 2.87083, 0, 3.40025, 0, -2.87083, 0, 1.8221, -48.1656, -4.01188, 67.6079 )

[node name="Item_TallRock11" parent="Assets/Items" instance=ExtResource( 12 )]
transform = Transform( 1.8221, 0, 2.87083, 0, 3.40025, 0, -2.87083, 0, 1.8221, -30.5582, -4.01188, 78.7832 )

[node name="Item_TallRock12" parent="Assets/Items" instance=ExtResource( 12 )]
transform = Transform( 3.3131, 0, -0.764891, 0, 3.40025, 0, 0.764891, 0, 3.3131, -58.209, -8.89749, 70.2197 )

[node name="Item_TallRock13" parent="Assets/Items" instance=ExtResource( 12 )]
transform = Transform( -2.43283, 0, -2.37551, 0, 3.40025, 0, 2.37551, 0, -2.43283, -37.769, -8.89749, 64.6534 )

[node name="Item_TallRock14" parent="Assets/Items" instance=ExtResource( 12 )]
transform = Transform( -2.43283, 0, -2.37551, 0, 3.40025, 0, 2.37551, 0, -2.43283, -47.3803, -8.89749, 84.6391 )

[node name="Item_TallRock15" parent="Assets/Items" instance=ExtResource( 12 )]
transform = Transform( -4.01047, 0, -3.91598, 0, 5.60525, 0, 3.91598, 0, -4.01047, -43.338, 0.879943, 73.4279 )

[node name="Item_TallRock60" parent="Assets/Items" instance=ExtResource( 12 )]
transform = Transform( -4.01047, 0, -3.91598, 0, 5.60525, 0, 3.91598, 0, -4.01047, -43.338, 0.879943, 141.886 )

[node name="Item_TallRock16" parent="Assets/Items" instance=ExtResource( 12 )]
transform = Transform( 1.8792, 0, -2.83378, 0, 3.40025, 0, 2.83378, 0, 1.8792, 13.1049, -0.789708, 39.0041 )

[node name="Item_TallRock17" parent="Assets/Items" instance=ExtResource( 12 )]
transform = Transform( 1.8792, 0, -2.83378, 0, 3.40025, 0, 2.83378, 0, 1.8792, -4.27523, -0.789708, 50.5296 )

[node name="Item_TallRock18" parent="Assets/Items" instance=ExtResource( 12 )]
transform = Transform( -2.04855, 0, -2.71388, 0, 3.40025, 0, 2.71388, 0, -2.04855, 14.8124, -5.67532, 28.7681 )

[node name="Item_TallRock19" parent="Assets/Items" instance=ExtResource( 12 )]
transform = Transform( -1.178, 0, 3.18968, 0, 3.40025, 0, -3.18968, 0, -1.178, 11.5665, -5.67532, 49.7024 )

[node name="Item_TallRock20" parent="Assets/Items" instance=ExtResource( 12 )]
transform = Transform( -1.178, 0, 3.18968, 0, 3.40025, 0, -3.18968, 0, -1.178, -2.76818, -5.67532, 32.7813 )

[node name="Item_TallRock21" parent="Assets/Items" instance=ExtResource( 12 )]
transform = Transform( -1.94191, 0, 5.25812, 0, 5.60525, 0, -5.25812, 0, -1.94191, 5.82289, 4.10212, 41.0412 )

[node name="Item_TallRock22" parent="Assets/Items" instance=ExtResource( 12 )]
transform = Transform( -2.75466, 0, -1.99338, 0, 3.40025, 0, 1.99338, 0, -2.75466, 35.364, -2.84808, 91.6124 )

[node name="Item_TallRock23" parent="Assets/Items" instance=ExtResource( 12 )]
transform = Transform( -2.75466, 0, -1.99338, 0, 3.40025, 0, 1.99338, 0, -2.75466, 23.1382, -2.84808, 74.7176 )

[node name="Item_TallRock24" parent="Assets/Items" instance=ExtResource( 12 )]
transform = Transform( -2.79529, 0, 1.93599, 0, 3.40025, 0, -1.93599, 0, -2.79529, 45.6612, -7.73369, 92.9004 )

[node name="Item_TallRock25" parent="Assets/Items" instance=ExtResource( 12 )]
transform = Transform( 3.1389, 0, 1.3073, 0, 3.40025, 0, -1.3073, 0, 3.1389, 24.6119, -7.73369, 90.5123 )

[node name="Item_TallRock26" parent="Assets/Items" instance=ExtResource( 12 )]
transform = Transform( 3.1389, 0, 1.3073, 0, 3.40025, 0, -1.3073, 0, 3.1389, 40.9333, -7.73369, 75.4984 )

[node name="Item_TallRock27" parent="Assets/Items" instance=ExtResource( 12 )]
transform = Transform( 5.17441, 0, 2.15506, 0, 5.60525, 0, -2.15506, 0, 5.17441, 33.0312, 2.04375, 84.4197 )

[node name="Item_Tree19" parent="Assets/Items" instance=ExtResource( 10 )]
transform = Transform( -4.67296, 0, 7.87517, 0, 9.15723, 0, -7.87517, 0, -4.67296, -361.734, -1.5277, 174.269 )

[node name="Item_TallRock42" parent="Assets/Items" instance=ExtResource( 12 )]
transform = Transform( -2.75466, 0, -1.99338, 0, 3.40025, 0, 1.99338, 0, -2.75466, -378.562, 8.36282, 166.728 )

[node name="Item_TallRock43" parent="Assets/Items" instance=ExtResource( 12 )]
transform = Transform( -2.75466, 0, -1.99338, 0, 3.40025, 0, 1.99338, 0, -2.75466, -390.788, 8.36282, 149.834 )

[node name="Item_TallRock44" parent="Assets/Items" instance=ExtResource( 12 )]
transform = Transform( -2.79529, 0, 1.93599, 0, 3.40025, 0, -1.93599, 0, -2.79529, -368.265, 3.47721, 168.016 )

[node name="Item_TallRock49" parent="Assets/Items" instance=ExtResource( 12 )]
transform = Transform( 3.1389, 0, 1.3073, 0, 3.40025, 0, -1.3073, 0, 3.1389, -389.314, 3.47721, 165.628 )

[node name="Item_TallRock53" parent="Assets/Items" instance=ExtResource( 12 )]
transform = Transform( 5.17441, 0, 2.15506, 0, 5.60525, 0, -2.15506, 0, 5.17441, -380.895, 13.2547, 159.536 )

[node name="Item_TallRock28" parent="Assets/Items" instance=ExtResource( 12 )]
transform = Transform( -2.75466, 0, -1.99338, 0, 3.40025, 0, 1.99338, 0, -2.75466, 35.364, -4.31018, -18.1267 )

[node name="Item_TallRock29" parent="Assets/Items" instance=ExtResource( 12 )]
transform = Transform( -2.75466, 0, -1.99338, 0, 3.40025, 0, 1.99338, 0, -2.75466, 23.1382, -4.31018, -35.0216 )

[node name="Item_TallRock30" parent="Assets/Items" instance=ExtResource( 12 )]
transform = Transform( -2.79529, 0, 1.93599, 0, 3.40025, 0, -1.93599, 0, -2.79529, 45.6612, -9.19579, -16.8388 )

[node name="Item_TallRock31" parent="Assets/Items" instance=ExtResource( 12 )]
transform = Transform( 3.1389, 0, 1.3073, 0, 3.40025, 0, -1.3073, 0, 3.1389, 24.6119, -9.19579, -19.2268 )

[node name="Item_TallRock32" parent="Assets/Items" instance=ExtResource( 12 )]
transform = Transform( 3.1389, 0, 1.3073, 0, 3.40025, 0, -1.3073, 0, 3.1389, 40.9333, -9.19579, -34.2407 )

[node name="Item_TallRock33" parent="Assets/Items" instance=ExtResource( 12 )]
transform = Transform( 5.17441, 0, 2.15506, 0, 5.60525, 0, -2.15506, 0, 5.17441, 33.0312, 0.581646, -25.3194 )

[node name="Item_TallRock7" parent="Assets/Items" instance=ExtResource( 12 )]
transform = Transform( -5.45536, 0, 1.28758, 0, 5.60525, 0, -1.28758, 0, -5.45536, -42.7672, 0.879943, 32.3247 )

[node name="Item_TallRock61" parent="Assets/Items" instance=ExtResource( 12 )]
transform = Transform( -5.45536, 0, 1.28758, 0, 5.60525, 0, -1.28758, 0, -5.45536, -60.018, 17.8645, 155.444 )

[node name="Item_TallRock8" parent="Assets/Items" instance=ExtResource( 12 )]
transform = Transform( 3.91556, 1.13888, 3.84579, -0.812513, 5.48833, -0.798036, -3.92772, 0, 3.99897, -42.7672, -4.71609, 45.2777 )

[node name="Item_TallRock9" parent="Assets/Items" instance=ExtResource( 12 )]
transform = Transform( 1.33433, 0.478498, -5.42304, 0.662568, 5.52777, 0.650763, 5.40364, -0.795945, 1.25933, -49.9948, 0.051445, 54.7166 )

[node name="Item_TallRock34" parent="Assets/Items" instance=ExtResource( 12 )]
transform = Transform( -4.47437, 0, -3.37621, 0, 5.60525, 0, 3.37621, 0, -4.47437, 104.535, 3.28558, 4.18045 )

[node name="Item_TallRock35" parent="Assets/Items" instance=ExtResource( 12 )]
transform = Transform( -0.522492, 0.727217, 5.53326, -0.812513, 5.48833, -0.798036, -5.52138, -0.876466, -0.406179, 114.504, -2.31045, 12.4515 )

[node name="Item_TallRock36" parent="Assets/Items" instance=ExtResource( 12 )]
transform = Transform( 5.01061, -0.307011, -2.49366, 0.662568, 5.52777, 0.650763, 2.42355, -0.876489, 4.97764, 117.153, 2.45709, 24.0408 )

[node name="Item_TallRock37" parent="Assets/Items" instance=ExtResource( 12 )]
transform = Transform( 3.79953, 0, 4.12097, 0, 5.60525, 0, -4.12097, 0, 3.79953, 129, -0.689679, 59.8415 )

[node name="Item_TallRock38" parent="Assets/Items" instance=ExtResource( 12 )]
transform = Transform( 1.44288, -0.537685, -5.16687, -0.812513, 5.48833, -0.798036, 3.37021, 0.62631, 0.875969, 268.91, 30.1779, 53.4836 )

[node name="Item_TallRock40" parent="Assets/Items" instance=ExtResource( 12 )]
transform = Transform( 1.44288, -0.537685, -5.16687, 0.572042, 9.10185, -0.787432, 3.45018, -1.20988, 1.08938, 268.91, 42.7885, 67.8225 )

[node name="Item_TallRock41" parent="Assets/Items" instance=ExtResource( 12 )]
transform = Transform( 1.52243, -0.567331, -5.45175, -2.27448, 16.0647, -2.30691, 3.6664, 3.97837, 0.609852, 233.396, 42.7885, 124.907 )

[node name="Item_TallRock47" parent="Assets/Items" instance=ExtResource( 12 )]
transform = Transform( 1.44288, -0.537685, -5.16687, 0.306041, 11.3449, -1.09514, 3.72752, 1.79996, 0.853614, 268.171, 38.0706, 42.4223 )

[node name="Item_TallRock68" parent="Assets/Items" instance=ExtResource( 12 )]
transform = Transform( 1.44297, -1.10502, -4.94802, 0.306061, 8.92669, -0.545496, 3.72776, -0.30517, 1.96011, 371.846, 19.133, -24.6369 )

[node name="Item_TallRock69" parent="Assets/Items" instance=ExtResource( 12 )]
transform = Transform( 1.79967, -0.613897, -4.62432, 0.381718, 4.95927, -0.509809, 4.64925, -0.169539, 1.83188, 371.846, 19.133, 69.9852 )

[node name="Item_TallRock70" parent="Assets/Items" instance=ExtResource( 12 )]
transform = Transform( 0.0735444, -0.312289, -2.9828, 0.22903, 2.97556, -0.305885, 2.99034, -0.220218, 0.0967866, 425.384, 2.24956, 132.474 )

[node name="Item_TallRock48" parent="Assets/Items" instance=ExtResource( 12 )]
transform = Transform( 1.79967, -0.613896, -4.62432, 4.66382, 0.342948, 1.76951, 0.0999172, -4.9503, 0.696059, 289.215, 97.5933, 208.607 )

[node name="Item_TallRock55" parent="Assets/Items" instance=ExtResource( 12 )]
transform = Transform( -2.15932, -1.29232, 4.32057, -0.501627, -4.69175, -1.65404, 4.48171, -1.14778, 1.89654, 373.212, 103.498, 23.7289 )

[node name="Item_TallRock95" parent="Assets/Items" instance=ExtResource( 12 )]
transform = Transform( 2.25929, -0.702206, -7.39494, 2.72237, 15.8278, -0.780987, 4.34577, -4.57576, 1.91233, 215.552, 47.9993, 178.133 )

[node name="Item_TallRock91" parent="Assets/Items" instance=ExtResource( 12 )]
transform = Transform( 1.44288, -0.537685, -5.16687, 1.09951, 11.4667, -0.886229, 3.57479, -0.678782, 1.06891, 48.4718, 17.9516, 321.702 )

[node name="Item_TallRock92" parent="Assets/Items" instance=ExtResource( 12 )]
transform = Transform( 1.44288, -0.537685, -5.16687, 1.09951, 11.4667, -0.886229, 3.57479, -0.678782, 1.06891, 31.8305, 17.9516, 321.702 )

[node name="Item_TallRock93" parent="Assets/Items" instance=ExtResource( 12 )]
transform = Transform( 2.13333, -1.32908, -4.94802, 0.125121, 10.7397, -0.660681, 5.52834, 0.269809, 1.92434, 16.2182, 17.9516, 321.702 )

[node name="Item_TallRock94" parent="Assets/Items" instance=ExtResource( 12 )]
transform = Transform( 2.71742, -0.0946526, -4.97371, 0.382287, 11.4828, 0.0625209, 6.84868, -0.603401, 1.96998, 0.206966, 17.9516, 321.702 )

[node name="Item_TallRock45" parent="Assets/Items" instance=ExtResource( 12 )]
transform = Transform( 0.599607, -3.28546, -3.72105, 2.24983, 3.5209, -2.7462, 4.42479, -1.34501, 1.90057, 268.171, 90.7425, 244.364 )

[node name="Item_TallRock46" parent="Assets/Items" instance=ExtResource( 12 )]
transform = Transform( 1.79967, -0.613896, -4.62432, 1.47731, 4.77641, -0.0591569, 4.42479, -1.34501, 1.90057, 343.386, 93.9221, 96.1991 )

[node name="Item_TallRock51" parent="Assets/Items" instance=ExtResource( 12 )]
transform = Transform( 0.359933, -0.122779, -0.924864, 0.295461, 0.955281, -0.0118314, 0.884958, -0.269003, 0.380114, 305.779, 136.377, -27.2148 )

[node name="Item_TallRock56" parent="Assets/Items" instance=ExtResource( 12 )]
transform = Transform( 0.179967, -0.0613896, -0.924864, 0.147731, 0.477641, -0.0118314, 0.442479, -0.134501, 0.380114, 214.429, 123.89, 100.892 )

[node name="Item_TallRock57" parent="Assets/Items" instance=ExtResource( 12 )]
transform = Transform( 0.179967, -0.0613896, -0.924864, 0.147731, 0.477641, -0.0118314, 0.442479, -0.134501, 0.380114, 214.429, 145.249, 120.921 )

[node name="Item_TallRock58" parent="Assets/Items" instance=ExtResource( 12 )]
transform = Transform( 0.179967, -0.0613896, -0.924864, 0.147731, 0.477641, -0.0118314, 0.442479, -0.134501, 0.380114, 130.696, 145.249, 101.133 )

[node name="Item_TallRock59" parent="Assets/Items" instance=ExtResource( 12 )]
transform = Transform( 0.103785, -0.0433405, -0.498675, 0.085195, 0.337208, -0.00637938, 0.255173, -0.0949564, 0.204953, 161.893, 153.648, 101.133 )

[node name="Item_TallRock62" parent="Assets/Items" instance=ExtResource( 12 )]
transform = Transform( -0.273904, 0.0796301, -0.821305, 0.147731, 0.477641, -0.0118314, 0.391347, -0.124572, -0.570367, 183.783, 123.89, 140.63 )

[node name="Item_TallRock76" parent="Assets/Items" instance=ExtResource( 12 )]
transform = Transform( -0.273904, 0.0796301, -0.821305, 0.147731, 0.477641, -0.0118314, 0.391347, -0.124572, -0.570367, 166.962, 145.249, 151.503 )

[node name="Item_TallRock77" parent="Assets/Items" instance=ExtResource( 12 )]
transform = Transform( -0.24702, 0.032955, -0.561688, 0.133231, 0.197671, -0.00809126, 0.352935, -0.0515542, -0.390071, 138.124, 145.249, 70.4405 )

[node name="Item_TallRock78" parent="Assets/Items" instance=ExtResource( 12 )]
transform = Transform( -0.0547808, 0.0159261, -0.0821305, 0.0295462, 0.0955281, -0.00118311, 0.0782693, -0.0249146, -0.0570366, 155.06, 153.648, 96.6403 )

[node name="Item_TallRock80" parent="Assets/Items" instance=ExtResource( 12 )]
transform = Transform( -0.157436, 0.236971, -0.822335, 0.421494, 0.268889, -0.012837, 0.218075, -0.34863, -0.568859, 57.6235, 145.249, 151.313 )

[node name="Item_TallRock81" parent="Assets/Items" instance=ExtResource( 12 )]
transform = Transform( -0.273904, 0.0796301, -0.821305, 0.147731, 0.477641, -0.0118314, 0.391347, -0.124572, -0.570367, 28.7855, 145.249, 70.2508 )

[node name="Item_TallRock82" parent="Assets/Items" instance=ExtResource( 12 )]
transform = Transform( -0.273904, 0.0796301, -0.821305, 0.147731, 0.477641, -0.0118314, 0.391347, -0.124572, -0.570367, 45.7213, 153.648, 96.4506 )

[node name="Item_TallRock96" parent="Assets/Items" instance=ExtResource( 12 )]
transform = Transform( -0.212518, 0.0140452, -0.904741, 0.129523, 0.480744, -0.0918437, 0.433659, -0.136703, -0.415944, -78.6212, 82.7931, 169.422 )

[node name="Item_TallRock99" parent="Assets/Items" instance=ExtResource( 12 )]
transform = Transform( -0.0803153, 0.00530809, -0.170961, 0.0443146, 0.16448, -0.0157115, 0.215477, -0.0679255, -0.103337, -36.7924, 86.1353, 173.72 )

[node name="Item_TallRock100" parent="Assets/Items" instance=ExtResource( 12 )]
