[gd_scene load_steps=8 format=2]

[ext_resource path="res://MainMenu.tscn" type="PackedScene" id=1]
[ext_resource path="res://Bodenplatte.tscn" type="PackedScene" id=2]
[ext_resource path="res://Prefabs/Item.tscn" type="PackedScene" id=3]
[ext_resource path="res://Audio/Music/music_layer_1.ogg" type="AudioStream" id=4]
[ext_resource path="res://Wecker.tscn" type="PackedScene" id=5]
[ext_resource path="res://Spielwelt.gd" type="Script" id=6]
[ext_resource path="res://WeckerManager.gd" type="Script" id=7]

[node name="Spielwelt" type="Spatial"]
script = ExtResource( 6 )

[node name="Assets" type="Node" parent="."]

[node name="Boden" type="Node" parent="Assets"]

[node name="Bodenplatte" parent="Assets/Boden" instance=ExtResource( 2 )]
transform = Transform( 1, 0, 0, 0, 1, 0, 0, 0, 1, 0.0380325, -0.236059, 0.443773 )

[node name="Bodenplatte2" parent="Assets/Boden" instance=ExtResource( 2 )]
transform = Transform( 1, 0, 0, 0, 1, 0, 0, 0, 1, 93.1249, -0.23607, 0 )

[node name="Bodenplatte3" parent="Assets/Boden" instance=ExtResource( 2 )]
transform = Transform( 1, 0, 0, 0, 1, 0, 0, 0, 1, 0, -0.23607, -94.2148 )

[node name="Bodenplatte4" parent="Assets/Boden" instance=ExtResource( 2 )]
transform = Transform( 1, 0, 0, 0, 1, 0, 0, 0, 1, -0.18795, -0.23607, 93.6102 )

[node name="Bodenplatte7" parent="Assets/Boden" instance=ExtResource( 2 )]
transform = Transform( 1, 0, 0, 0, 1, 0, 0, 0, 1, -93.2083, -0.23607, 0 )

[node name="Bodenplatte8" parent="Assets/Boden" instance=ExtResource( 2 )]
transform = Transform( 1, 0, 0, 0, 1, 0, 0, 0, 1, -93.2083, -0.23607, -94.2148 )

[node name="Bodenplatte9" parent="Assets/Boden" instance=ExtResource( 2 )]
transform = Transform( 1, 0, 0, 0, 1, 0, 0, 0, 1, -93.3962, -0.23607, 93.6102 )

[node name="Bodenplatte10" parent="Assets/Boden" instance=ExtResource( 2 )]
transform = Transform( 0.713263, 0.700897, 0, -0.700897, 0.713263, 0, 0, 0, 1, -169.824, 30.0013, 0 )

[node name="Bodenplatte11" parent="Assets/Boden" instance=ExtResource( 2 )]
transform = Transform( 0.713263, 0.700897, 0, -0.700897, 0.713263, 0, 0, 0, 1, -169.824, 30.0013, -94.2148 )

[node name="Bodenplatte22" parent="Assets/Boden" instance=ExtResource( 2 )]
transform = Transform( 0.514106, 0.505193, -0.693163, -0.700897, 0.713263, 0, 0.494407, 0.485836, 0.720781, -156.23, 25.1869, -146.464 )

[node name="Bodenplatte12" parent="Assets/Boden" instance=ExtResource( 2 )]
transform = Transform( 0.713263, 0.700897, 0, -0.700897, 0.713263, 0, 0, 0, 1, -169.958, 30.1331, 93.6102 )

[node name="Bodenplatte19" parent="Assets/Boden" instance=ExtResource( 2 )]
transform = Transform( -0.713263, -0.700897, -8.74228e-08, -0.700897, 0.713263, 0, 6.23554e-08, 6.12743e-08, -1, 166.384, 30.0013, -0.604568 )

[node name="Bodenplatte20" parent="Assets/Boden" instance=ExtResource( 2 )]
transform = Transform( -0.713263, -0.700897, -8.74228e-08, -0.700897, 0.713263, 0, 6.23554e-08, 6.12743e-08, -1, 166.384, 30.0013, 93.6102 )

[node name="Bodenplatte24" parent="Assets/Boden" instance=ExtResource( 2 )]
transform = Transform( -0.547254, -0.537766, 0.641342, -0.700897, 0.713263, 0, -0.457446, -0.449515, -0.767255, 126.869, 30.0013, 134.782 )

[node name="Bodenplatte21" parent="Assets/Boden" instance=ExtResource( 2 )]
transform = Transform( -0.713263, -0.700897, -8.74228e-08, -0.700897, 0.713263, 0, 6.23554e-08, 6.12743e-08, -1, 166.518, 30.1331, -94.2148 )

[node name="Bodenplatte13" parent="Assets/Boden" instance=ExtResource( 2 )]
transform = Transform( -3.11777e-08, -3.06372e-08, 1, -0.700897, 0.713263, 0, -0.713263, -0.700897, -4.37114e-08, -2.05142, 30.0013, 167.799 )

[node name="Bodenplatte14" parent="Assets/Boden" instance=ExtResource( 2 )]
transform = Transform( -3.11777e-08, -3.06372e-08, 1, -0.700897, 0.713263, 0, -0.713263, -0.700897, -4.37114e-08, -96.2662, 30.0013, 167.799 )

[node name="Bodenplatte23" parent="Assets/Boden" instance=ExtResource( 2 )]
transform = Transform( 0.425305, 0.417931, 0.802776, -0.700897, 0.713263, 0, -0.57259, -0.562663, 0.596281, -155.098, 30.0013, 144.7 )

[node name="Bodenplatte15" parent="Assets/Boden" instance=ExtResource( 2 )]
transform = Transform( -3.11777e-08, -3.06372e-08, 1, -0.700897, 0.713263, 0, -0.713263, -0.700897, -4.37114e-08, 91.5588, 30.1331, 167.933 )

[node name="Bodenplatte16" parent="Assets/Boden" instance=ExtResource( 2 )]
transform = Transform( 9.35331e-08, 9.19115e-08, -1, -0.700897, 0.713263, 0, 0.713263, 0.700897, 1.31134e-07, -2.74557, 30.0013, -169.848 )

[node name="Bodenplatte17" parent="Assets/Boden" instance=ExtResource( 2 )]
transform = Transform( 9.35331e-08, 9.19115e-08, -1, -0.700897, 0.713263, 0, 0.713263, 0.700897, 1.31134e-07, 91.5588, 30.0013, -169.845 )

[node name="Bodenplatte25" parent="Assets/Boden" instance=ExtResource( 2 )]
transform = Transform( -0.507057, -0.498266, -0.703296, -0.700897, 0.713263, 0, 0.501634, 0.492938, -0.710898, 147.938, 30.0013, -150.258 )

[node name="Bodenplatte18" parent="Assets/Boden" instance=ExtResource( 2 )]
transform = Transform( 9.35331e-08, 9.19115e-08, -1, -0.700897, 0.713263, 0, 0.713263, 0.700897, 1.31134e-07, -96.2662, 30.1331, -169.979 )

[node name="Bodenplatte5" parent="Assets/Boden" instance=ExtResource( 2 )]
transform = Transform( 1, 0, 0, 0, 1, 0, 0, 0, 1, 93.6399, -0.23607, -94.0593 )

[node name="Bodenplatte6" parent="Assets/Boden" instance=ExtResource( 2 )]
transform = Transform( 1, 0, 0, 0, 1, 0, 0, 0, 1, 92.6843, -0.23607, 92.4346 )

[node name="Items" type="Node" parent="Assets"]

[node name="Item" parent="Assets/Items" instance=ExtResource( 3 )]
transform = Transform( 5, 0, 0, 0, 5, 0, 0, 0, 5, 51.125, 2.25078, 32.2208 )

[node name="Item2" parent="Assets/Items" instance=ExtResource( 3 )]
transform = Transform( 4.77533, 0, 1.48196, 0, 5, 0, -1.48196, 0, 4.77533, 51.125, 2.25078, 43.9683 )

[node name="Item3" parent="Assets/Items" instance=ExtResource( 3 )]
transform = Transform( 0.642507, 0, -4.95855, 0, 5, 0, 4.95855, 0, 0.642507, 51.125, 7.92007, 38.4166 )

[node name="Item7" parent="Assets/Items" instance=ExtResource( 3 )]
transform = Transform( 5, 0, 0, 0, 4.99979, -0.0461633, 0, 0.0461633, 4.99979, 51.125, 2.30513, -63.1287 )

[node name="Item15" parent="Assets/Items" instance=ExtResource( 3 )]
transform = Transform( 5, 0, 0, 0, 4.99979, -0.0461633, 0, 0.0461633, 4.99979, 51.125, 2.61099, -111.987 )

[node name="Item8" parent="Assets/Items" instance=ExtResource( 3 )]
transform = Transform( 4.77533, 0, 1.48196, 0.0136824, 4.99979, -0.044089, -1.48189, 0.0461633, 4.77513, 51.125, 2.19667, -51.3817 )

[node name="Item9" parent="Assets/Items" instance=ExtResource( 3 )]
transform = Transform( 0.642507, 0, -4.95855, -3.36498, 3.67244, -0.436019, 3.64199, 3.39311, 0.471914, 51.125, 9.92593, -56.8808 )

[node name="Item10" parent="Assets/Items" instance=ExtResource( 3 )]
transform = Transform( 0.642507, 0, -4.95855, -2.96155, 4.01023, -0.383744, 3.97699, 2.98631, 0.515321, 51.125, 17.9259, -65.8149 )

[node name="Item11" parent="Assets/Items" instance=ExtResource( 3 )]
transform = Transform( 0.642507, 0, -4.95855, -0.60524, 4.96261, -0.0784244, 4.92147, 0.6103, 0.637703, 51.125, 22.3819, -76.7198 )

[node name="Item12" parent="Assets/Items" instance=ExtResource( 3 )]
transform = Transform( -0.423458, 0.203007, 4.9779, -3.95346, 3.02635, -0.459731, -3.03164, -3.97492, -0.0957906, 51.7185, 6.08657, -106.229 )

[node name="Item13" parent="Assets/Items" instance=ExtResource( 3 )]
transform = Transform( -0.403416, 0.178668, 4.9805, -3.61445, 3.42971, -0.415803, -3.43119, -3.63389, -0.147562, 51.184, 15.5176, -98.8405 )

[node name="Item14" parent="Assets/Items" instance=ExtResource( 3 )]
transform = Transform( -0.346908, 0.0365137, 4.98782, -1.45837, 4.78064, -0.136429, -4.76999, -1.46429, -0.321039, 50.5315, 21.8015, -88.8977 )

[node name="Item16" parent="Assets/Items" instance=ExtResource( 3 )]
transform = Transform( 4.05445, 0.0270147, 2.92587, 0, 4.99979, -0.0461633, -2.92599, 0.0374334, 4.05428, -113.963, 2.61099, 24.8086 )

[node name="Item17" parent="Assets/Items" instance=ExtResource( 3 )]
transform = Transform( 3.00507, 0.0270147, 3.9961, 0.0136824, 4.99979, -0.044089, -3.99617, 0.0374334, 3.00487, -78.4971, 2.19667, 73.953 )

[node name="Item18" parent="Assets/Items" instance=ExtResource( 3 )]
transform = Transform( 2.65229, 1.98564, -3.74467, -3.36498, 3.67244, -0.436019, 2.57726, 2.75144, 3.2844, -81.7152, 9.92593, 69.4938 )

[node name="Item19" parent="Assets/Items" instance=ExtResource( 3 )]
transform = Transform( 2.84833, 1.74758, -3.71927, -2.96155, 4.01023, -0.383744, 2.84891, 2.42157, 3.3196, -86.9434, 17.9259, 62.2492 )

[node name="Item20" parent="Assets/Items" instance=ExtResource( 3 )]
transform = Transform( 3.40104, 0.357146, -3.64765, -0.60524, 4.96261, -0.0784244, 3.61478, 0.494886, 3.41884, -93.325, 22.3819, 53.4065 )

[node name="Item21" parent="Assets/Items" instance=ExtResource( 3 )]
transform = Transform( -2.11749, -2.1615, 3.98047, -3.95346, 3.02635, -0.459731, -2.21052, -3.34203, -2.99073, -110.112, 6.08657, 29.1307 )

[node name="Item22" parent="Assets/Items" instance=ExtResource( 3 )]
transform = Transform( -2.33505, -1.98167, 3.95228, -3.61445, 3.42971, -0.415803, -2.54624, -3.05125, -3.03423, -106.222, 15.5176, 35.4346 )

[node name="Item23" parent="Assets/Items" instance=ExtResource( 3 )]
transform = Transform( -3.07269, -0.82729, 3.8567, -1.45837, 4.78064, -0.136429, -3.66493, -1.20874, -3.17919, -100.933, 21.8015, 43.879 )

[node name="Item24" parent="Assets/Items" instance=ExtResource( 3 )]
transform = Transform( 4.60406, 0.0180041, 1.94996, 0, 4.99979, -0.0461633, -1.95004, 0.0425077, 4.60386, -99.1033, 2.61099, 19.0419 )

[node name="Item25" parent="Assets/Items" instance=ExtResource( 3 )]
transform = Transform( 3.81923, 0.0180041, 3.22694, 0.0136824, 4.99979, -0.044089, -3.22696, 0.0425077, 3.81902, -75.4667, 2.19667, 74.8481 )

[node name="Item26" parent="Assets/Items" instance=ExtResource( 3 )]
transform = Transform( 2.01203, 1.32334, -4.38184, -3.36498, 3.67244, -0.436019, 3.10301, 3.12441, 2.36842, -77.6114, 9.92593, 69.7845 )

[node name="Item27" parent="Assets/Items" instance=ExtResource( 3 )]
transform = Transform( 2.14268, 1.16468, -4.36491, -2.96155, 4.01023, -0.383744, 3.41147, 2.74983, 2.40839, -81.0957, 17.9259, 61.5578 )

[node name="Item28" parent="Assets/Items" instance=ExtResource( 3 )]
transform = Transform( 2.51104, 0.238022, -4.31718, -0.60524, 4.96261, -0.0784244, 4.28116, 0.561971, 2.52108, -85.3487, 22.3819, 51.5164 )

[node name="Item29" parent="Assets/Items" instance=ExtResource( 3 )]
transform = Transform( -1.57229, -1.36332, 4.54635, -3.95346, 3.02635, -0.459731, -2.62641, -3.73933, -2.02963, -96.311, 6.08657, 24.1128 )

[node name="Item30" parent="Assets/Items" instance=ExtResource( 3 )]
transform = Transform( -1.70966, -1.25273, 4.52855, -3.61445, 3.42971, -0.415803, -3.00214, -3.41581, -2.07831, -93.9217, 15.5176, 31.1245 )

[node name="Item31" parent="Assets/Items" instance=ExtResource( 3 )]
transform = Transform( -2.17977, -0.537461, 4.46763, -1.45837, 4.78064, -0.136429, -4.25696, -1.36257, -2.24091, -90.6447, 21.8015, 40.5344 )

[node name="Item32" parent="Assets/Items" instance=ExtResource( 3 )]
transform = Transform( 4.99992, 0.000257015, 0.0278363, 0, 4.99979, -0.0461633, -0.027838, 0.0461626, 4.99971, -75.4328, 2.61099, 16.6427 )

[node name="Item33" parent="Assets/Items" instance=ExtResource( 3 )]
transform = Transform( 4.76701, 0.000257015, 1.50852, 0.0136824, 4.99979, -0.044089, -1.50846, 0.0461626, 4.7668, -75.0954, 2.19667, 77.2473 )

[node name="Item34" parent="Assets/Items" instance=ExtResource( 3 )]
transform = Transform( 0.662774, 0.0188912, -4.95584, -3.36498, 3.67244, -0.436019, 3.63836, 3.39305, 0.499514, -75.126, 9.92593, 71.7483 )

[node name="Item35" parent="Assets/Items" instance=ExtResource( 3 )]
transform = Transform( 0.664639, 0.0166264, -4.9556, -2.96155, 4.01023, -0.383744, 3.97335, 2.98626, 0.54292, -75.1757, 17.9259, 62.8143 )

[node name="Item36" parent="Assets/Items" instance=ExtResource( 3 )]
transform = Transform( 0.669898, 0.00339787, -4.95492, -0.60524, 4.96261, -0.0784244, 4.91782, 0.61029, 0.6653, -75.2364, 22.3819, 51.9095 )

[node name="Item37" parent="Assets/Items" instance=ExtResource( 3 )]
transform = Transform( -0.440331, 0.180873, 4.97729, -3.95346, 3.02635, -0.459731, -3.02923, -3.97599, -0.123504, -74.8073, 6.08657, 22.3977 )

[node name="Item38" parent="Assets/Items" instance=ExtResource( 3 )]
transform = Transform( -0.422513, 0.158434, 4.9796, -3.61445, 3.42971, -0.415803, -3.42889, -3.63483, -0.17529, -75.3006, 15.5176, 29.7889 )

[node name="Item39" parent="Assets/Items" instance=ExtResource( 3 )]
transform = Transform( -0.37346, 0.0283606, 4.98595, -1.45837, 4.78064, -0.136429, -4.76798, -1.46447, -0.348804, -75.8977, 21.8015, 39.7352 )

[node name="Item40" parent="Assets/Items" instance=ExtResource( 3 )]
transform = Transform( 4.99992, 0.000257015, 0.0278363, 0, 4.99979, -0.0461633, -0.027838, 0.0461626, 4.99971, 84.1606, 2.61099, 55.417 )

[node name="Item41" parent="Assets/Items" instance=ExtResource( 3 )]
transform = Transform( 4.76701, 0.000257015, 1.50852, 0.0136824, 4.99979, -0.044089, -1.50846, 0.0461626, 4.7668, 84.498, 2.19667, 116.022 )

[node name="Item42" parent="Assets/Items" instance=ExtResource( 3 )]
transform = Transform( 0.662774, 0.0188912, -4.95584, -3.36498, 3.67244, -0.436019, 3.63836, 3.39305, 0.499514, 84.4674, 9.92593, 110.522 )

[node name="Item43" parent="Assets/Items" instance=ExtResource( 3 )]
transform = Transform( 0.664639, 0.0166264, -4.9556, -2.96155, 4.01023, -0.383744, 3.97335, 2.98626, 0.54292, 84.4177, 17.9259, 101.588 )

[node name="Item44" parent="Assets/Items" instance=ExtResource( 3 )]
transform = Transform( 0.669898, 0.00339787, -4.95492, -0.60524, 4.96261, -0.0784244, 4.91782, 0.61029, 0.6653, 84.357, 22.3819, 90.6837 )

[node name="Item45" parent="Assets/Items" instance=ExtResource( 3 )]
transform = Transform( -0.440331, 0.180873, 4.97729, -3.95346, 3.02635, -0.459731, -3.02923, -3.97599, -0.123504, 84.7861, 6.08657, 61.1719 )

[node name="Item46" parent="Assets/Items" instance=ExtResource( 3 )]
transform = Transform( -0.422513, 0.158434, 4.9796, -3.61445, 3.42971, -0.415803, -3.42889, -3.63483, -0.17529, 84.2927, 15.5176, 68.5631 )

[node name="Item47" parent="Assets/Items" instance=ExtResource( 3 )]
transform = Transform( -0.37346, 0.0283606, 4.98595, -1.45837, 4.78064, -0.136429, -4.76798, -1.46447, -0.348804, 83.6957, 21.8015, 78.5094 )

[node name="Item4" parent="Assets/Items" instance=ExtResource( 3 )]
transform = Transform( 5, 0, 0, 0, 5, 0, 0, 0, 5, 51.125, 2.25078, 74.3236 )

[node name="Item5" parent="Assets/Items" instance=ExtResource( 3 )]
transform = Transform( 4.77533, 0, 1.48196, 0, 5, 0, -1.48196, 0, 4.77533, 51.125, 2.25078, 86.0711 )

[node name="Item6" parent="Assets/Items" instance=ExtResource( 3 )]
transform = Transform( 0.642507, 0, -4.95855, 0, 5, 0, 4.95855, 0, 0.642507, 51.125, 7.92007, 80.5194 )

[node name="Item48" parent="Assets/Items" instance=ExtResource( 3 )]
transform = Transform( 1.25697, 0, 4.83942, 0, 5, 0, -4.83942, 0, 1.25697, -113.203, 2.25078, 78.7207 )

[node name="Item49" parent="Assets/Items" instance=ExtResource( 3 )]
transform = Transform( -0.233876, 0, 4.99453, 0, 5, 0, -4.99453, 0, -0.233876, -101.832, 2.25078, 81.674 )

[node name="Item50" parent="Assets/Items" instance=ExtResource( 3 )]
transform = Transform( 4.96082, 0, -0.624675, 0, 5, 0, 0.624675, 0, 4.96082, -107.206, 7.92007, 80.2783 )

[node name="Item51" parent="Assets/Items" instance=ExtResource( 3 )]
transform = Transform( 1.25697, 0, 4.83942, 0, 5, 0, -4.83942, 0, 1.25697, -113.203, 2.25078, -30.7849 )

[node name="Item52" parent="Assets/Items" instance=ExtResource( 3 )]
transform = Transform( -0.233876, 0, 4.99453, 0, 5, 0, -4.99453, 0, -0.233876, -101.832, 2.25078, -27.8316 )

[node name="Item53" parent="Assets/Items" instance=ExtResource( 3 )]
transform = Transform( 4.96082, 0, -0.624675, 0, 5, 0, 0.624675, 0, 4.96082, -107.206, 7.92007, -29.2273 )

[node name="Item54" parent="Assets/Items" instance=ExtResource( 3 )]
transform = Transform( 1.25697, 0, 4.83942, 0, 5, 0, -4.83942, 0, 1.25697, 27.1832, 2.25078, -119.774 )

[node name="Item55" parent="Assets/Items" instance=ExtResource( 3 )]
transform = Transform( -0.233876, 0, 4.99453, 0, 5, 0, -4.99453, 0, -0.233876, 38.5534, 2.25078, -116.821 )

[node name="Item56" parent="Assets/Items" instance=ExtResource( 3 )]
transform = Transform( 4.96082, 0, -0.624675, 0, 5, 0, 0.624675, 0, 4.96082, 33.18, 7.92007, -118.217 )

[node name="AllWecker" type="Node" parent="."]
script = ExtResource( 7 )

[node name="Wecker" parent="AllWecker" instance=ExtResource( 5 )]
transform = Transform( 1, 0, 0, 0, 1, 0, 0, 0, 1, -132.788, 2.22424, -7.61185 )

[node name="Wecker2" parent="AllWecker" instance=ExtResource( 5 )]
transform = Transform( -0.993197, 0, -0.116445, 0, 1, 0, 0.116445, 0, -0.993197, 54.6032, 2.22424, 16.6583 )

[node name="Wecker3" parent="AllWecker" instance=ExtResource( 5 )]
transform = Transform( -0.278471, 0, 0.960445, 0.344474, 0.933468, 0.0998769, -0.896544, 0.358661, -0.259944, 54.6032, 4.60349, 139.99 )

[node name="Wecker4" parent="AllWecker" instance=ExtResource( 5 )]
transform = Transform( 0.11599, -0.109211, -0.987228, 0.653276, 0.757087, -0.00699826, 0.748182, -0.64412, 0.159159, 54.6032, 4.02484, -141.743 )

[node name="Other" type="Node" parent="."]

[node name="Music" type="AudioStreamPlayer" parent="Other"]
stream = ExtResource( 4 )
autoplay = true
bus = "Music"

[node name="StartGame" type="Node" parent="Other"]

[node name="MainMenu" parent="Other/StartGame" instance=ExtResource( 1 )]

[node name="MenueCamera" type="InterpolatedCamera" parent="Other/StartGame"]
transform = Transform( 1, 0, 0, 0, 0.92278, 0.385326, 0, -0.385326, 0.92278, 0, 46.0927, 166.682 )
far = 500.0
target = NodePath("../CameraTarget")
speed = 0.05
enabled = true

[node name="CameraTarget" type="Spatial" parent="Other/StartGame"]
transform = Transform( 1, 0, 0, 0, 1, 0, 0, 0, 1, 0, 32.2194, -82.2219 )
