[gd_scene load_steps=13 format=2]

[ext_resource path="res://MainMenu.tscn" type="PackedScene" id=1]
[ext_resource path="res://Prefabs/Terrain.tscn" type="PackedScene" id=2]
[ext_resource path="res://Prefabs/Items/Item_FlatRock.tscn" type="PackedScene" id=3]
[ext_resource path="res://Audio/Music/music_layer_1-01.ogg" type="AudioStream" id=4]
[ext_resource path="res://Wecker.tscn" type="PackedScene" id=5]
[ext_resource path="res://Spielwelt.gd" type="Script" id=6]
[ext_resource path="res://WeckerManager.gd" type="Script" id=7]
[ext_resource path="res://Prefabs/Prefab_SkyClock.tscn" type="PackedScene" id=8]
[ext_resource path="res://ItemManager.gd" type="Script" id=9]
[ext_resource path="res://Prefabs/Items/Item_Tree.tscn" type="PackedScene" id=10]
[ext_resource path="res://Prefabs/Items/Item_TallRock.tscn" type="PackedScene" id=12]
[ext_resource path="res://Prefabs/Items/Item_Hedge.tscn" type="PackedScene" id=13]

[node name="Spielwelt" type="Spatial"]
script = ExtResource( 6 )

[node name="Assets" type="Node" parent="."]

[node name="Boden" type="Node" parent="Assets"]

[node name="Terrain" parent="Assets/Boden" instance=ExtResource( 2 )]
transform = Transform( 10.2065, 0, 0, 0, 10.2065, 0, 0, 0, 10.2065, 0, -1.5657, 0 )

[node name="Items" type="Node" parent="Assets"]
script = ExtResource( 9 )

[node name="Item_Tree" parent="Assets/Items" instance=ExtResource( 10 )]
transform = Transform( 10.5423, 0, 0, 0, 10.5423, 0, 0, 0, 10.5423, -115.496, -5.28491, -7.61845 )

[node name="Item_Tree2" parent="Assets/Items" instance=ExtResource( 10 )]
transform = Transform( -1.62182, 0, -4.72966, 0, 5, 0, 4.72966, 0, -1.62182, -24.6949, -8.50129, 11.2666 )

[node name="Item_Tree3" parent="Assets/Items" instance=ExtResource( 10 )]
transform = Transform( -4.48192, 0, 7.55321, 0, 8.78285, 0, -7.55321, 0, -4.48192, -51.2035, -9.48608, 100.772 )

[node name="Item_Tree4" parent="Assets/Items" instance=ExtResource( 10 )]
transform = Transform( -5.23919, 0, 8.82942, 0, 10.2668, 0, -8.82942, 0, -5.23919, 48.4986, -8.67955, -27.5307 )

[node name="Item_Tree6" parent="Assets/Items" instance=ExtResource( 10 )]
transform = Transform( -3.5933, 0, 6.05566, 0, 7.0415, 0, -6.05566, 0, -3.5933, 4.6362, -4.66531, 25.16 )

[node name="Item_Tree9" parent="Assets/Items" instance=ExtResource( 10 )]
transform = Transform( 6.93771, 0, 1.20459, 0, 7.0415, 0, -1.20459, 0, 6.93771, 119.527, -0.944012, -1.52759 )

[node name="Item_Tree7" parent="Assets/Items" instance=ExtResource( 10 )]
transform = Transform( -4.67296, 0, 7.87517, 0, 9.15723, 0, -7.87517, 0, -4.67296, 52.1922, -12.7386, 99.1531 )

[node name="Item_Tree8" parent="Assets/Items" instance=ExtResource( 10 )]
transform = Transform( 6.3113, 0, 6.63493, 0, 9.15723, 0, -6.63493, 0, 6.3113, -53.7749, 8.51075, -110.166 )

[node name="Item_Tree38" parent="Assets/Items" instance=ExtResource( 10 )]
transform = Transform( 6.3113, 0, 6.63493, 0, 9.15723, 0, -6.63493, 0, 6.3113, -5.94973, 8.51075, -260.521 )

[node name="Item_Tree27" parent="Assets/Items" instance=ExtResource( 10 )]
transform = Transform( 6.3113, 0, 6.63493, 0, 9.15723, 0, -6.63493, 0, 6.3113, -243.468, 17.0121, -187.076 )

[node name="Item_Tree28" parent="Assets/Items" instance=ExtResource( 10 )]
transform = Transform( 5.51372, 0, 5.79645, 0, 8, 0, -5.79645, 0, 5.51372, -290.036, 7.43589, -187.076 )

[node name="Item_Tree29" parent="Assets/Items" instance=ExtResource( 10 )]
transform = Transform( 10.3382, 0, 10.8684, 0, 15, 0, -10.8684, 0, 10.3382, -255.069, 5.56213, -232.617 )

[node name="Item_Tree11" parent="Assets/Items" instance=ExtResource( 10 )]
transform = Transform( -4.29816, 1.83608, -4.51764, 1.30005, 6.06266, 1.36975, 4.54461, 0.0022105, -4.32293, 128.752, -9.11325, -110.168 )

[node name="Item_Tree26" parent="Assets/Items" instance=ExtResource( 10 )]
transform = Transform( -6.58206, 2.89798, -6.94825, -1.44711, 8.57027, 4.94533, 7.38799, 4.26053, -5.22164, 128.752, -9.11326, -149.348 )

[node name="Item_Tree13" parent="Assets/Items" instance=ExtResource( 10 )]
transform = Transform( -3.50916, -3.28278, -4.32663, -2.5348, 5.39801, -2.27899, 4.69876, 0.460347, -4.13031, 169.927, -4.796, -110.159 )

[node name="Item_Tree22" parent="Assets/Items" instance=ExtResource( 10 )]
transform = Transform( -2.66222, -0.435613, -2.95344, -0.508087, 3.96557, -0.126907, 2.94184, 0.290687, -2.69464, 148.357, -4.796, -110.159 )

[node name="Item_Tree23" parent="Assets/Items" instance=ExtResource( 10 )]
transform = Transform( -2.4264, -1.48941, -2.80967, -1.20754, 3.70097, -0.919071, 2.94184, 0.290687, -2.69464, 157.4, -6.73781, -110.159 )

[node name="Item_Tree24" parent="Assets/Items" instance=ExtResource( 10 )]
transform = Transform( -2.70951, 0.409616, -2.91389, 1.0251, 3.84432, -0.412793, 2.75821, -1.02638, -2.70903, 141.397, -6.73781, -98.465 )

[node name="Item_Tree25" parent="Assets/Items" instance=ExtResource( 10 )]
transform = Transform( -2.70951, 0.409616, -2.91389, 0.0641844, 3.96834, 0.498162, 2.94184, 0.290687, -2.69464, 141.397, -6.73781, -110.159 )

[node name="Item_Tree12" parent="Assets/Items" instance=ExtResource( 10 )]
transform = Transform( 4.49047, 0, 4.72073, 0, 6.3346, 0, -4.54461, 0, 4.32293, 144.161, 44.5509, -110.173 )

[node name="Item_Tree10" parent="Assets/Items" instance=ExtResource( 10 )]
transform = Transform( -4.49044, -0.0235493, -4.7207, 0.0166936, -6.33455, 0.0175496, -4.54461, 0, 4.32293, 243.521, 98.5066, -110.11 )

[node name="Item_Tree16" parent="Assets/Items" instance=ExtResource( 10 )]
transform = Transform( -3.54692, 3.88479, -3.72879, -2.75385, -5.00355, -2.89506, -4.54461, 0, 4.32293, 213.809, 87.7464, -110.11 )

[node name="Item_Tree15" parent="Assets/Items" instance=ExtResource( 10 )]
transform = Transform( -3.79113, -3.3949, -3.98553, 2.40658, -5.34806, 2.52998, -4.54461, 0, 4.32293, 271.196, 91.6369, -110.11 )

[node name="Item_Tree17" parent="Assets/Items" instance=ExtResource( 10 )]
transform = Transform( -4.29911, -1.82952, -4.51956, -1.03728, -5.32435, 3.26674, -4.6108, 2.90366, 3.14247, 285.656, 134.82, -134.466 )

[node name="Item_Tree19" parent="Assets/Items" instance=ExtResource( 10 )]
transform = Transform( -4.29911, -1.82952, -4.51956, 1.83633, -8.20327, 1.76613, -4.52688, -0.0809712, 4.34075, 255.718, 167.343, -106.599 )

[node name="Item_Tree18" parent="Assets/Items" instance=ExtResource( 10 )]
transform = Transform( -1.91042, 3.42771, 4.95488, -1.03728, -5.32435, 3.26674, 6.00767, 0.170704, 2.39805, 188.53, 134.82, -109.136 )

[node name="Item_Tree20" parent="Assets/Items" instance=ExtResource( 10 )]
transform = Transform( -1.28891, 5.36473, 3.09806, -1.75054, -3.36416, 5.06206, 6.00767, 0.170704, 2.39805, 146.507, 160.327, -109.136 )

[node name="Item_Tree21" parent="Assets/Items" instance=ExtResource( 10 )]
transform = Transform( -2.12996, -0.800374, 5.89507, 0.536688, -7.75602, -0.846989, 6.00767, 0.170704, 2.39805, 148.062, 157.427, -109.136 )

[node name="Item_Tree14" parent="Assets/Items" instance=ExtResource( 10 )]
transform = Transform( 4.49047, 0, 4.72073, 0, 6.3346, 0, -4.54461, 0, 4.32293, 243.521, -1.41902, -110.11 )

[node name="Item_TallRock" parent="Assets/Items" instance=ExtResource( 12 )]
transform = Transform( 3.40025, 0, 0, 0, 3.40025, 0, 0, 0, 3.40025, -40.4404, -4.01188, -1.36062 )

[node name="Item_TallRock5" parent="Assets/Items" instance=ExtResource( 12 )]
transform = Transform( 3.40025, 0, 0, 0, 3.40025, 0, 0, 0, 3.40025, -40.4404, -4.01188, 19.4938 )

[node name="Item_TallRock2" parent="Assets/Items" instance=ExtResource( 12 )]
transform = Transform( 1.1296, 0, -3.20714, 0, 3.40025, 0, 3.20714, 0, 1.1296, -48.0274, -8.89749, -8.44068 )

[node name="Item_TallRock3" parent="Assets/Items" instance=ExtResource( 12 )]
transform = Transform( -3.30933, 0, 0.781072, 0, 3.40025, 0, -0.781072, 0, -3.30933, -32.3746, -8.89749, 5.83406 )

[node name="Item_TallRock6" parent="Assets/Items" instance=ExtResource( 12 )]
transform = Transform( -3.30933, 0, 0.781072, 0, 3.40025, 0, -0.781072, 0, -3.30933, -54.399, -8.89749, 8.42895 )

[node name="Item_TallRock4" parent="Assets/Items" instance=ExtResource( 12 )]
transform = Transform( -5.45536, 0, 1.28758, 0, 5.60525, 0, -1.28758, 0, -5.45536, -223.771, 48.4979, 5.83406 )

[node name="Item_TallRock10" parent="Assets/Items" instance=ExtResource( 12 )]
transform = Transform( 1.8221, 0, 2.87083, 0, 3.40025, 0, -2.87083, 0, 1.8221, -48.1656, -4.01188, 67.6079 )

[node name="Item_TallRock11" parent="Assets/Items" instance=ExtResource( 12 )]
transform = Transform( 1.8221, 0, 2.87083, 0, 3.40025, 0, -2.87083, 0, 1.8221, -30.5582, -4.01188, 78.7832 )

[node name="Item_TallRock12" parent="Assets/Items" instance=ExtResource( 12 )]
transform = Transform( 3.3131, 0, -0.764891, 0, 3.40025, 0, 0.764891, 0, 3.3131, -58.209, -8.89749, 70.2197 )

[node name="Item_TallRock13" parent="Assets/Items" instance=ExtResource( 12 )]
transform = Transform( -2.43283, 0, -2.37551, 0, 3.40025, 0, 2.37551, 0, -2.43283, -37.769, -8.89749, 64.6534 )

[node name="Item_TallRock14" parent="Assets/Items" instance=ExtResource( 12 )]
transform = Transform( -2.43283, 0, -2.37551, 0, 3.40025, 0, 2.37551, 0, -2.43283, -47.3803, -8.89749, 84.6391 )

[node name="Item_TallRock15" parent="Assets/Items" instance=ExtResource( 12 )]
transform = Transform( -4.01047, 0, -3.91598, 0, 5.60525, 0, 3.91598, 0, -4.01047, -43.338, 0.879943, 73.4279 )

[node name="Item_TallRock16" parent="Assets/Items" instance=ExtResource( 12 )]
transform = Transform( 1.8792, 0, -2.83378, 0, 3.40025, 0, 2.83378, 0, 1.8792, 13.1049, -0.789708, 39.0041 )

[node name="Item_TallRock17" parent="Assets/Items" instance=ExtResource( 12 )]
transform = Transform( 1.8792, 0, -2.83378, 0, 3.40025, 0, 2.83378, 0, 1.8792, -4.27523, -0.789708, 50.5296 )

[node name="Item_TallRock18" parent="Assets/Items" instance=ExtResource( 12 )]
transform = Transform( -2.04855, 0, -2.71388, 0, 3.40025, 0, 2.71388, 0, -2.04855, 14.8124, -5.67532, 28.7681 )

[node name="Item_TallRock19" parent="Assets/Items" instance=ExtResource( 12 )]
transform = Transform( -1.178, 0, 3.18968, 0, 3.40025, 0, -3.18968, 0, -1.178, 11.5665, -5.67532, 49.7024 )

[node name="Item_TallRock20" parent="Assets/Items" instance=ExtResource( 12 )]
transform = Transform( -1.178, 0, 3.18968, 0, 3.40025, 0, -3.18968, 0, -1.178, -2.76818, -5.67532, 32.7813 )

[node name="Item_TallRock21" parent="Assets/Items" instance=ExtResource( 12 )]
transform = Transform( -1.94191, 0, 5.25812, 0, 5.60525, 0, -5.25812, 0, -1.94191, 5.82289, 4.10212, 41.0412 )

[node name="Item_TallRock22" parent="Assets/Items" instance=ExtResource( 12 )]
transform = Transform( -2.75466, 0, -1.99338, 0, 3.40025, 0, 1.99338, 0, -2.75466, 35.364, -2.84808, 91.6124 )

[node name="Item_TallRock23" parent="Assets/Items" instance=ExtResource( 12 )]
transform = Transform( -2.75466, 0, -1.99338, 0, 3.40025, 0, 1.99338, 0, -2.75466, 23.1382, -2.84808, 74.7176 )

[node name="Item_TallRock24" parent="Assets/Items" instance=ExtResource( 12 )]
transform = Transform( -2.79529, 0, 1.93599, 0, 3.40025, 0, -1.93599, 0, -2.79529, 45.6612, -7.73369, 92.9004 )

[node name="Item_TallRock25" parent="Assets/Items" instance=ExtResource( 12 )]
transform = Transform( 3.1389, 0, 1.3073, 0, 3.40025, 0, -1.3073, 0, 3.1389, 24.6119, -7.73369, 90.5123 )

[node name="Item_TallRock26" parent="Assets/Items" instance=ExtResource( 12 )]
transform = Transform( 3.1389, 0, 1.3073, 0, 3.40025, 0, -1.3073, 0, 3.1389, 40.9333, -7.73369, 75.4984 )

[node name="Item_TallRock27" parent="Assets/Items" instance=ExtResource( 12 )]
transform = Transform( 5.17441, 0, 2.15506, 0, 5.60525, 0, -2.15506, 0, 5.17441, 33.0312, 2.04375, 84.4197 )

[node name="Item_TallRock28" parent="Assets/Items" instance=ExtResource( 12 )]
transform = Transform( -2.75466, 0, -1.99338, 0, 3.40025, 0, 1.99338, 0, -2.75466, 35.364, -4.31018, -18.1267 )

[node name="Item_TallRock29" parent="Assets/Items" instance=ExtResource( 12 )]
transform = Transform( -2.75466, 0, -1.99338, 0, 3.40025, 0, 1.99338, 0, -2.75466, 23.1382, -4.31018, -35.0216 )

[node name="Item_TallRock30" parent="Assets/Items" instance=ExtResource( 12 )]
transform = Transform( -2.79529, 0, 1.93599, 0, 3.40025, 0, -1.93599, 0, -2.79529, 45.6612, -9.19579, -16.8388 )

[node name="Item_TallRock31" parent="Assets/Items" instance=ExtResource( 12 )]
transform = Transform( 3.1389, 0, 1.3073, 0, 3.40025, 0, -1.3073, 0, 3.1389, 24.6119, -9.19579, -19.2268 )

[node name="Item_TallRock32" parent="Assets/Items" instance=ExtResource( 12 )]
transform = Transform( 3.1389, 0, 1.3073, 0, 3.40025, 0, -1.3073, 0, 3.1389, 40.9333, -9.19579, -34.2407 )

[node name="Item_TallRock33" parent="Assets/Items" instance=ExtResource( 12 )]
transform = Transform( 5.17441, 0, 2.15506, 0, 5.60525, 0, -2.15506, 0, 5.17441, 33.0312, 0.581646, -25.3194 )

[node name="Item_TallRock7" parent="Assets/Items" instance=ExtResource( 12 )]
transform = Transform( -5.45536, 0, 1.28758, 0, 5.60525, 0, -1.28758, 0, -5.45536, -42.7672, 0.879943, 32.3247 )

[node name="Item_TallRock8" parent="Assets/Items" instance=ExtResource( 12 )]
transform = Transform( 3.91556, 1.13888, 3.84579, -0.812513, 5.48833, -0.798036, -3.92772, 0, 3.99897, -42.7672, -4.71609, 45.2777 )

[node name="Item_TallRock9" parent="Assets/Items" instance=ExtResource( 12 )]
transform = Transform( 1.33433, 0.478498, -5.42304, 0.662568, 5.52777, 0.650763, 5.40364, -0.795945, 1.25933, -49.9948, 0.051445, 54.7166 )

[node name="Item_TallRock34" parent="Assets/Items" instance=ExtResource( 12 )]
transform = Transform( -4.47437, 0, -3.37621, 0, 5.60525, 0, 3.37621, 0, -4.47437, 104.535, 3.28558, 4.18045 )

[node name="Item_TallRock35" parent="Assets/Items" instance=ExtResource( 12 )]
transform = Transform( -0.522492, 0.727217, 5.53326, -0.812513, 5.48833, -0.798036, -5.52138, -0.876466, -0.406179, 114.504, -2.31045, 12.4515 )

[node name="Item_TallRock36" parent="Assets/Items" instance=ExtResource( 12 )]
transform = Transform( 5.01061, -0.307011, -2.49366, 0.662568, 5.52777, 0.650763, 2.42355, -0.876489, 4.97764, 117.153, 2.45709, 24.0408 )

[node name="Item_TallRock37" parent="Assets/Items" instance=ExtResource( 12 )]
transform = Transform( 3.79953, 0, 4.12097, 0, 5.60525, 0, -4.12097, 0, 3.79953, 129, -0.689679, 59.8415 )

[node name="Item_TallRock38" parent="Assets/Items" instance=ExtResource( 12 )]
transform = Transform( 1.44288, -0.537685, -5.16687, -0.812513, 5.48833, -0.798036, 3.37021, 0.62631, 0.875969, 268.91, 30.1779, 53.4836 )

[node name="Item_TallRock40" parent="Assets/Items" instance=ExtResource( 12 )]
transform = Transform( 1.44288, -0.537685, -5.16687, 0.572042, 9.10185, -0.787432, 3.45018, -1.20988, 1.08938, 268.91, 42.7885, 67.8225 )

[node name="Item_TallRock41" parent="Assets/Items" instance=ExtResource( 12 )]
transform = Transform( 1.44288, -0.537685, -5.16687, -1.71175, 12.5154, -1.78041, 3.29597, 3.34687, 0.572124, 268.91, 42.7885, 84.6625 )

[node name="Item_TallRock42" parent="Assets/Items" instance=ExtResource( 12 )]
transform = Transform( 1.44288, -0.537685, -5.16687, 2.36042, 10.3744, -0.420447, 2.90112, -4.93139, 1.32333, 268.171, 47.9993, 120.601 )

[node name="Item_TallRock43" parent="Assets/Items" instance=ExtResource( 12 )]
transform = Transform( 1.44288, -0.537685, -5.16687, -1.4437, 9.24385, -1.36511, 3.45019, 6.81896, 0.253871, 268.171, 47.9993, 148.314 )

[node name="Item_TallRock47" parent="Assets/Items" instance=ExtResource( 12 )]
transform = Transform( 1.44288, -0.537685, -5.16687, 0.306041, 11.3449, -1.09514, 3.72752, 1.79996, 0.853614, 268.171, 38.0706, 42.4223 )

[node name="Item_TallRock48" parent="Assets/Items" instance=ExtResource( 12 )]
transform = Transform( 1.79967, -0.613896, -4.62432, 1.2944, 4.8276, -0.137137, 4.48171, -1.14778, 1.89654, 289.215, 97.5933, 208.607 )

[node name="Item_TallRock44" parent="Assets/Items" instance=ExtResource( 12 )]
transform = Transform( 1.44288, -0.537685, -5.16687, 2.90988, 9.12874, -0.137377, 2.34961, -6.97231, 1.3817, 268.171, 47.9993, 198.194 )

[node name="Item_TallRock49" parent="Assets/Items" instance=ExtResource( 12 )]
transform = Transform( 1.44288, -0.537685, -5.16687, 3.57538, -0.672579, 1.06843, -1.09758, -11.4671, 0.88681, 268.171, 89.5843, 147.203 )

[node name="Item_TallRock45" parent="Assets/Items" instance=ExtResource( 12 )]
transform = Transform( 1.79967, -0.613896, -4.62432, 1.47731, 4.77641, -0.0591569, 4.42479, -1.34501, 1.90057, 268.171, 47.9993, 238.404 )

[node name="Item_TallRock46" parent="Assets/Items" instance=ExtResource( 12 )]
transform = Transform( 1.79967, -0.613896, -4.62432, 1.47731, 4.77641, -0.0591569, 4.42479, -1.34501, 1.90057, 343.386, 72.4164, 96.1991 )

[node name="Item_TallRock51" parent="Assets/Items" instance=ExtResource( 12 )]
transform = Transform( 0.359933, -0.122779, -0.924864, 0.295461, 0.955281, -0.0118314, 0.884958, -0.269003, 0.380114, 305.779, 136.377, -27.2148 )

[node name="Item_TallRock50" parent="Assets/Items" instance=ExtResource( 12 )]
transform = Transform( 0.719866, -0.245558, -1.84973, 0.590922, 1.91056, -0.0236628, 1.76992, -0.538006, 0.760228, 343.386, 119.617, -13.2813 )

[node name="Item_TallRock39" parent="Assets/Items" instance=ExtResource( 12 )]
transform = Transform( -5.36286, 0.458598, 1.56467, 0.662568, 5.52777, 0.650763, -1.4898, 0.807574, -5.34295, 113.039, -1.51818, 42.5536 )

[node name="Item_Hedge" parent="Assets/Items" instance=ExtResource( 13 )]
transform = Transform( 0.683879, 0.0492017, -2.77984, 0, 2.8627, 0.0506683, 2.78027, -0.0121024, 0.683771, 9.95879, -3.78409, 21.8666 )

[node name="Item_Hedge5" parent="Assets/Items" instance=ExtResource( 13 )]
transform = Transform( -2.8051, 0.010151, -0.573521, 0.555806, 0.755814, -2.70508, 0.141807, -2.76157, -0.742461, 34.6462, -3.78409, 67.0554 )

[node name="Item_Hedge4" parent="Assets/Items" instance=ExtResource( 13 )]
transform = Transform( 0.683879, 0.0492017, -2.77984, -1.54375, 2.38758, -0.337525, 2.31231, 1.57945, 0.596815, 9.95879, -3.78409, 57.1664 )

[node name="Item_Hedge6" parent="Assets/Items" instance=ExtResource( 13 )]
transform = Transform( 2.05711, 1.51311, 1.29476, -1.54375, 2.38758, -0.337525, -1.25808, -0.455604, 2.53126, -34.319, -3.78409, 57.1664 )

[node name="Item_Hedge2" parent="Assets/Items" instance=ExtResource( 13 )]
transform = Transform( 0.135771, -0.0506113, 2.85948, 0, 2.8627, 0.0506683, -2.85993, -0.00240271, 0.13575, -1.93953, -3.78409, 23.5885 )

[node name="Item_Hedge3" parent="Assets/Items" instance=ExtResource( 13 )]
transform = Transform( 0.135771, -0.0506113, 2.85948, 0, 2.8627, 0.0506683, -2.85993, -0.00240271, 0.13575, 112.192, 20.1677, 43.5215 )

[node name="Item_Hedge7" parent="Assets/Items" instance=ExtResource( 13 )]
transform = Transform( 0.135771, -0.0506113, 2.85948, 0, 2.8627, 0.0506683, -2.85993, -0.00240271, 0.13575, 232.214, 71.2599, -106.416 )

[node name="Item_Hedge9" parent="Assets/Items" instance=ExtResource( 13 )]
transform = Transform( 0.135771, -0.0506113, 2.85948, 0, 2.8627, 0.0506683, -2.85993, -0.00240271, 0.13575, 258.688, 86.2145, -106.416 )

[node name="Item_Hedge8" parent="Assets/Items" instance=ExtResource( 13 )]
transform = Transform( 0.237101, -0.088384, 4.99359, 0, 4.99922, 0.0884835, -4.99438, -0.00419591, 0.237064, 250.015, 71.2599, -106.416 )

[node name="Item_Hedge18" parent="Assets/Items" instance=ExtResource( 13 )]
transform = Transform( 0.474043, 0.0824032, 9.98842, -0.0122891, 9.99966, -0.0819127, -9.98875, -0.00839181, 0.474128, -174.072, 50.5158, -106.416 )

[node name="Item_Hedge125" parent="Assets/Items" instance=ExtResource( 13 )]
transform = Transform( 0.474043, 0.0824032, 9.98842, -0.0122891, 9.99966, -0.0819127, -9.98875, -0.00839181, 0.474128, -399.991, 20.8004, -106.416 )

[node name="Item_Hedge126" parent="Assets/Items" instance=ExtResource( 13 )]
transform = Transform( 0.474043, 0.0824032, 9.98842, -0.0122891, 9.99966, -0.0819127, -9.98875, -0.00839181, 0.474128, -399.991, 18.6784, -53.0498 )

[node name="Item_Hedge113" parent="Assets/Items" instance=ExtResource( 13 )]
transform = Transform( 0.294056, 0.051116, 6.19598, -0.00987723, 8.03714, -0.0658366, -8.2736, -0.00695087, 0.392716, -174.072, 48.6281, -153.849 )

[node name="Item_Hedge19" parent="Assets/Items" instance=ExtResource( 13 )]
transform = Transform( 0.0474043, 0.00824032, 0.998842, -0.00122891, 0.999966, -0.00819127, -0.998875, -0.000839181, 0.0474128, -229.834, 37.1921, -201.124 )

[node name="Item_Hedge20" parent="Assets/Items" instance=ExtResource( 13 )]
transform = Transform( 0.0474043, 0.00824032, 0.998842, -0.00122891, 0.999966, -0.00819127, -0.998875, -0.000839181, 0.0474128, -222.986, 57.649, -201.124 )

[node name="Item_Hedge21" parent="Assets/Items" instance=ExtResource( 13 )]
transform = Transform( 0.0474043, 0.00824032, 0.998842, -0.00122891, 0.999966, -0.00819127, -0.998875, -0.000839181, 0.0474128, -220.943, 57.649, -189.413 )

[node name="Item_Hedge22" parent="Assets/Items" instance=ExtResource( 13 )]
transform = Transform( 0.0474043, 0.00824032, 0.998842, -0.00122891, 0.999966, -0.00819127, -0.998875, -0.000839181, 0.0474128, -215.775, 46.6562, -186.796 )

[node name="Item_Hedge45" parent="Assets/Items" instance=ExtResource( 13 )]
transform = Transform( 0.0474043, 0.00824032, 0.998842, -0.00122891, 0.999966, -0.00819127, -0.998875, -0.000839181, 0.0474128, -215.775, 55.0835, -186.796 )

[node name="Item_Hedge23" parent="Assets/Items" instance=ExtResource( 13 )]
transform = Transform( 0.0474043, 0.00824032, 0.998842, -0.00122891, 0.999966, -0.00819127, -0.998875, -0.000839181, 0.0474128, -218.91, 46.6562, -193.842 )

[node name="Item_Hedge24" parent="Assets/Items" instance=ExtResource( 13 )]
transform = Transform( 0.0474043, 0.00824032, 0.998842, -0.00122891, 0.999966, -0.00819127, -0.998875, -0.000839181, 0.0474128, -190.808, 66.9282, -193.842 )

[node name="Item_Hedge30" parent="Assets/Items" instance=ExtResource( 13 )]
transform = Transform( 0.0474043, 0.00824032, 0.998842, -0.00122891, 0.999966, -0.00819127, -0.998875, -0.000839181, 0.0474128, -207.651, 66.9282, -193.842 )

[node name="Item_Hedge46" parent="Assets/Items" instance=ExtResource( 13 )]
transform = Transform( 0.0474043, 0.00824032, 0.998842, -0.00122891, 0.999966, -0.00819127, -0.998875, -0.000839181, 0.0474128, -200.986, 77.4536, -193.824 )

[node name="Item_Hedge47" parent="Assets/Items" instance=ExtResource( 13 )]
transform = Transform( 0.0474043, 0.00824032, 0.998842, -0.00122891, 0.999966, -0.00819127, -0.998875, -0.000839181, 0.0474128, -201.13, 66.9282, -193.842 )

[node name="Item_Hedge25" parent="Assets/Items" instance=ExtResource( 13 )]
transform = Transform( 0.0474043, 0.00824032, 0.998842, -0.00122891, 0.999966, -0.00819127, -0.998875, -0.000839181, 0.0474128, -219.884, 70.1778, -183.502 )

[node name="Item_Hedge26" parent="Assets/Items" instance=ExtResource( 13 )]
transform = Transform( 0.0474043, 0.00824032, 0.998842, -0.00122891, 0.999966, -0.00819127, -0.998875, -0.000839181, 0.0474128, -201.096, 66.9282, -205.904 )

[node name="Item_Hedge27" parent="Assets/Items" instance=ExtResource( 13 )]
transform = Transform( 0.0474043, 0.00824032, 0.998842, -0.00122891, 0.999966, -0.00819127, -0.998875, -0.000839181, 0.0474128, -195.54, 66.9282, -205.904 )

[node name="Item_Hedge28" parent="Assets/Items" instance=ExtResource( 13 )]
transform = Transform( 0.0474043, 0.00824032, 0.998842, -0.00122891, 0.999966, -0.00819127, -0.998875, -0.000839181, 0.0474128, -195.54, 73.0209, -205.904 )

[node name="Item_Hedge29" parent="Assets/Items" instance=ExtResource( 13 )]
transform = Transform( 0.0474043, 0.00824032, 0.998842, -0.00122891, 0.999966, -0.00819127, -0.998875, -0.000839181, 0.0474128, -212.529, 73.0209, -199.829 )

[node name="Item_Hedge43" parent="Assets/Items" instance=ExtResource( 13 )]
transform = Transform( 0.0948085, 0.0164806, 1.99768, -0.00245781, 1.99993, -0.0163825, -1.99775, -0.00167836, 0.0948255, -212.529, 102.898, -199.829 )

[node name="Item_Hedge48" parent="Assets/Items" instance=ExtResource( 13 )]
transform = Transform( 0.0948085, 0.0164806, 1.99768, -0.00245781, 1.99993, -0.0163825, -1.99775, -0.00167836, 0.0948255, -212.529, 80.549, -189.52 )

[node name="Item_Hedge31" parent="Assets/Items" instance=ExtResource( 13 )]
transform = Transform( 0.0474043, 0.00824032, 0.998842, -0.00122891, 0.999966, -0.00819127, -0.998875, -0.000839181, 0.0474128, -216.725, 73.0209, -195.061 )

[node name="Item_Hedge32" parent="Assets/Items" instance=ExtResource( 13 )]
transform = Transform( 0.0474043, 0.00824032, 0.998842, -0.00122891, 0.999966, -0.00819127, -0.998875, -0.000839181, 0.0474128, -216.725, 73.0209, -188.256 )

[node name="Item_Hedge33" parent="Assets/Items" instance=ExtResource( 13 )]
transform = Transform( 0.0474043, 0.00824032, 0.998842, -0.00122891, 0.999966, -0.00819127, -0.998875, -0.000839181, 0.0474128, -216.725, 65.1422, -188.256 )

[node name="Item_Hedge50" parent="Assets/Items" instance=ExtResource( 13 )]
transform = Transform( 0.0474043, 0.00824032, 0.998842, -0.00122891, 0.999966, -0.00819127, -0.998875, -0.000839181, 0.0474128, -201.13, 80.7179, -175.482 )

[node name="Item_Hedge51" parent="Assets/Items" instance=ExtResource( 13 )]
transform = Transform( 0.0474043, 0.00824032, 0.998842, -0.00122891, 0.999966, -0.00819127, -0.998875, -0.000839181, 0.0474128, -219.884, 83.9674, -165.142 )

[node name="Item_Hedge52" parent="Assets/Items" instance=ExtResource( 13 )]
transform = Transform( 0.0474043, 0.00824032, 0.998842, -0.00122891, 0.999966, -0.00819127, -0.998875, -0.000839181, 0.0474128, -201.096, 80.7179, -187.545 )

[node name="Item_Hedge53" parent="Assets/Items" instance=ExtResource( 13 )]
transform = Transform( 0.0474043, 0.00824032, 0.998842, -0.00122891, 0.999966, -0.00819127, -0.998875, -0.000839181, 0.0474128, -195.54, 80.7179, -187.545 )

[node name="Item_Hedge54" parent="Assets/Items" instance=ExtResource( 13 )]
transform = Transform( 0.0474043, 0.00824032, 0.998842, -0.00122891, 0.999966, -0.00819127, -0.998875, -0.000839181, 0.0474128, -195.54, 86.8105, -187.545 )

[node name="Item_Hedge55" parent="Assets/Items" instance=ExtResource( 13 )]
transform = Transform( 0.0474043, 0.00824032, 0.998842, -0.00122891, 0.999966, -0.00819127, -0.998875, -0.000839181, 0.0474128, -212.529, 86.8105, -181.47 )

[node name="Item_Hedge56" parent="Assets/Items" instance=ExtResource( 13 )]
transform = Transform( 0.0948085, 0.0164806, 1.99768, -0.00245781, 1.99993, -0.0163825, -1.99775, -0.00167836, 0.0948255, -212.529, 116.687, -181.47 )

[node name="Item_Hedge57" parent="Assets/Items" instance=ExtResource( 13 )]
transform = Transform( 0.0948085, 0.0164806, 1.99768, -0.00245781, 1.99993, -0.0163825, -1.99775, -0.00167836, 0.0948255, -212.529, 94.3387, -171.16 )

[node name="Item_Hedge58" parent="Assets/Items" instance=ExtResource( 13 )]
transform = Transform( 0.0474043, 0.00824032, 0.998842, -0.00122891, 0.999966, -0.00819127, -0.998875, -0.000839181, 0.0474128, -216.725, 86.8105, -176.702 )

[node name="Item_Hedge59" parent="Assets/Items" instance=ExtResource( 13 )]
transform = Transform( 0.0474043, 0.00824032, 0.998842, -0.00122891, 0.999966, -0.00819127, -0.998875, -0.000839181, 0.0474128, -216.725, 86.8105, -169.896 )

[node name="Item_Hedge60" parent="Assets/Items" instance=ExtResource( 13 )]
transform = Transform( 0.0474043, 0.00824032, 0.998842, -0.00122891, 0.999966, -0.00819127, -0.998875, -0.000839181, 0.0474128, -216.725, 78.9319, -169.896 )

[node name="Item_Hedge61" parent="Assets/Items" instance=ExtResource( 13 )]
transform = Transform( 0.0349369, 0.00809199, 0.918934, -0.000905703, 0.981966, -0.00753597, -0.736171, -0.000824076, 0.0436197, -201.13, 80.7179, -193.596 )

[node name="Item_Hedge62" parent="Assets/Items" instance=ExtResource( 13 )]
transform = Transform( 0.0349369, 0.00809199, 0.918934, -0.000905703, 0.981966, -0.00753597, -0.736171, -0.000824076, 0.0436197, -219.884, 83.9674, -183.256 )

[node name="Item_Hedge63" parent="Assets/Items" instance=ExtResource( 13 )]
transform = Transform( 0.0349369, 0.00809199, 0.918934, -0.000905703, 0.981966, -0.00753597, -0.736171, -0.000824076, 0.0436197, -201.096, 80.7179, -205.658 )

[node name="Item_Hedge64" parent="Assets/Items" instance=ExtResource( 13 )]
transform = Transform( 0.0349369, 0.00809199, 0.918934, -0.000905703, 0.981966, -0.00753597, -0.736171, -0.000824076, 0.0436197, -195.54, 80.7179, -205.658 )

[node name="Item_Hedge65" parent="Assets/Items" instance=ExtResource( 13 )]
transform = Transform( 0.0349369, 0.00809199, 0.918934, -0.000905703, 0.981966, -0.00753597, -0.736171, -0.000824076, 0.0436197, -195.54, 86.8105, -205.658 )

[node name="Item_Hedge66" parent="Assets/Items" instance=ExtResource( 13 )]
transform = Transform( 0.0349369, 0.00809199, 0.918934, -0.000905703, 0.981966, -0.00753597, -0.736171, -0.000824076, 0.0436197, -212.529, 86.8105, -199.583 )

[node name="Item_Hedge67" parent="Assets/Items" instance=ExtResource( 13 )]
transform = Transform( 0.0349369, 0.00809199, 0.918934, -0.000905703, 0.981966, -0.00753597, -0.736171, -0.000824076, 0.0436197, -212.529, 116.687, -199.583 )

[node name="Item_Hedge68" parent="Assets/Items" instance=ExtResource( 13 )]
transform = Transform( 0.0349369, 0.00809199, 0.918934, -0.000905703, 0.981966, -0.00753597, -0.736171, -0.000824076, 0.0436197, -212.529, 94.3387, -189.273 )

[node name="Item_Hedge69" parent="Assets/Items" instance=ExtResource( 13 )]
transform = Transform( 0.0349369, 0.00809199, 0.918934, -0.000905703, 0.981966, -0.00753597, -0.736171, -0.000824076, 0.0436197, -216.725, 86.8105, -194.815 )

[node name="Item_Hedge70" parent="Assets/Items" instance=ExtResource( 13 )]
transform = Transform( 0.0349369, 0.00809199, 0.918934, -0.000905703, 0.981966, -0.00753597, -0.736171, -0.000824076, 0.0436197, -216.725, 86.8105, -188.01 )

[node name="Item_Hedge72" parent="Assets/Items" instance=ExtResource( 13 )]
transform = Transform( 0.0474043, 0.00824032, 0.998842, -0.00122891, 0.999966, -0.00819127, -0.998875, -0.000839181, 0.0474128, -229.834, 93.6843, -174.92 )

[node name="Item_Hedge73" parent="Assets/Items" instance=ExtResource( 13 )]
transform = Transform( 0.0474043, 0.00824032, 0.998842, -0.00122891, 0.999966, -0.00819127, -0.998875, -0.000839181, 0.0474128, -222.986, 114.141, -174.92 )

[node name="Item_Hedge74" parent="Assets/Items" instance=ExtResource( 13 )]
transform = Transform( 0.0474043, 0.00824032, 0.998842, -0.00122891, 0.999966, -0.00819127, -0.998875, -0.000839181, 0.0474128, -220.943, 114.141, -163.209 )

[node name="Item_Hedge75" parent="Assets/Items" instance=ExtResource( 13 )]
transform = Transform( 0.0474043, 0.00824032, 0.998842, -0.00122891, 0.999966, -0.00819127, -0.998875, -0.000839181, 0.0474128, -215.775, 103.148, -160.593 )

[node name="Item_Hedge76" parent="Assets/Items" instance=ExtResource( 13 )]
transform = Transform( 0.0474043, 0.00824032, 0.998842, -0.00122891, 0.999966, -0.00819127, -0.998875, -0.000839181, 0.0474128, -215.775, 111.576, -160.593 )

[node name="Item_Hedge77" parent="Assets/Items" instance=ExtResource( 13 )]
transform = Transform( 0.0474043, 0.00824032, 0.998842, -0.00122891, 0.999966, -0.00819127, -0.998875, -0.000839181, 0.0474128, -218.91, 103.148, -167.638 )

[node name="Item_Hedge78" parent="Assets/Items" instance=ExtResource( 13 )]
transform = Transform( 0.0474043, 0.00824032, 0.998842, -0.00122891, 0.999966, -0.00819127, -0.998875, -0.000839181, 0.0474128, -190.808, 123.42, -167.638 )

[node name="Item_Hedge79" parent="Assets/Items" instance=ExtResource( 13 )]
transform = Transform( 0.0474043, 0.00824032, 0.998842, -0.00122891, 0.999966, -0.00819127, -0.998875, -0.000839181, 0.0474128, -207.651, 123.42, -167.638 )

[node name="Item_Hedge80" parent="Assets/Items" instance=ExtResource( 13 )]
transform = Transform( 0.0474043, 0.00824032, 0.998842, -0.00122891, 0.999966, -0.00819127, -0.998875, -0.000839181, 0.0474128, -200.986, 133.946, -167.62 )

[node name="Item_Hedge81" parent="Assets/Items" instance=ExtResource( 13 )]
transform = Transform( 0.0474043, 0.00824032, 0.998842, -0.00122891, 0.999966, -0.00819127, -0.998875, -0.000839181, 0.0474128, -201.13, 123.42, -167.638 )

[node name="Item_Hedge82" parent="Assets/Items" instance=ExtResource( 13 )]
transform = Transform( 0.0474043, 0.00824032, 0.998842, -0.00122891, 0.999966, -0.00819127, -0.998875, -0.000839181, 0.0474128, -219.884, 126.67, -157.298 )

[node name="Item_Hedge83" parent="Assets/Items" instance=ExtResource( 13 )]
transform = Transform( 0.0474043, 0.00824032, 0.998842, -0.00122891, 0.999966, -0.00819127, -0.998875, -0.000839181, 0.0474128, -201.096, 123.42, -179.7 )

[node name="Item_Hedge84" parent="Assets/Items" instance=ExtResource( 13 )]
transform = Transform( 0.0474043, 0.00824032, 0.998842, -0.00122891, 0.999966, -0.00819127, -0.998875, -0.000839181, 0.0474128, -195.54, 123.42, -179.7 )

[node name="Item_Hedge85" parent="Assets/Items" instance=ExtResource( 13 )]
transform = Transform( 0.0474043, 0.00824032, 0.998842, -0.00122891, 0.999966, -0.00819127, -0.998875, -0.000839181, 0.0474128, -195.54, 129.513, -179.7 )

[node name="Item_Hedge86" parent="Assets/Items" instance=ExtResource( 13 )]
transform = Transform( 0.0474043, 0.00824032, 0.998842, -0.00122891, 0.999966, -0.00819127, -0.998875, -0.000839181, 0.0474128, -212.529, 129.513, -173.625 )

[node name="Item_Hedge87" parent="Assets/Items" instance=ExtResource( 13 )]
transform = Transform( 0.0948085, 0.0164806, 1.99768, -0.00245781, 1.99993, -0.0163825, -1.99775, -0.00167836, 0.0948255, -212.529, 159.39, -173.625 )

[node name="Item_Hedge88" parent="Assets/Items" instance=ExtResource( 13 )]
transform = Transform( 0.0948085, 0.0164806, 1.99768, -0.00245781, 1.99993, -0.0163825, -1.99775, -0.00167836, 0.0948255, -212.529, 137.041, -163.316 )

[node name="Item_Hedge89" parent="Assets/Items" instance=ExtResource( 13 )]
transform = Transform( 0.0474043, 0.00824032, 0.998842, -0.00122891, 0.999966, -0.00819127, -0.998875, -0.000839181, 0.0474128, -216.725, 129.513, -168.857 )

[node name="Item_Hedge90" parent="Assets/Items" instance=ExtResource( 13 )]
transform = Transform( 0.0474043, 0.00824032, 0.998842, -0.00122891, 0.999966, -0.00819127, -0.998875, -0.000839181, 0.0474128, -216.725, 129.513, -162.052 )

[node name="Item_Hedge91" parent="Assets/Items" instance=ExtResource( 13 )]
transform = Transform( 0.0474043, 0.00824032, 0.998842, -0.00122891, 0.999966, -0.00819127, -0.998875, -0.000839181, 0.0474128, -216.725, 121.634, -162.052 )

[node name="Item_Hedge92" parent="Assets/Items" instance=ExtResource( 13 )]
transform = Transform( 0.0474043, 0.00824032, 0.998842, -0.00122891, 0.999966, -0.00819127, -0.998875, -0.000839181, 0.0474128, -201.13, 137.21, -149.279 )

[node name="Item_Hedge93" parent="Assets/Items" instance=ExtResource( 13 )]
transform = Transform( 0.0474043, 0.00824032, 0.998842, -0.00122891, 0.999966, -0.00819127, -0.998875, -0.000839181, 0.0474128, -219.884, 140.46, -138.938 )

[node name="Item_Hedge114" parent="Assets/Items" instance=ExtResource( 13 )]
transform = Transform( 0.0948085, 0.0164806, 1.99768, -0.00245781, 1.99993, -0.0163825, -1.99775, -0.00167836, 0.0948255, -212.529, 229.399, -149.692 )

[node name="Item_Hedge121" parent="Assets/Items" instance=ExtResource( 13 )]
transform = Transform( 0.0948085, 0.0164806, 1.99768, -0.00245781, 1.99993, -0.0163825, -1.99775, -0.00167836, 0.0948255, -188.423, 229.399, -135.833 )

[node name="Item_Hedge115" parent="Assets/Items" instance=ExtResource( 13 )]
transform = Transform( 0.0948085, 0.0164806, 1.99768, -0.00245781, 1.99993, -0.0163825, -1.99775, -0.00167836, 0.0948255, -212.529, 207.051, -139.382 )

[node name="Item_Hedge116" parent="Assets/Items" instance=ExtResource( 13 )]
transform = Transform( 0.0474043, 0.00824032, 0.998842, -0.00122891, 0.999966, -0.00819127, -0.998875, -0.000839181, 0.0474128, -216.725, 199.523, -144.924 )

[node name="Item_Hedge117" parent="Assets/Items" instance=ExtResource( 13 )]
transform = Transform( 0.0474043, 0.00824032, 0.998842, -0.00122891, 0.999966, -0.00819127, -0.998875, -0.000839181, 0.0474128, -216.725, 199.523, -138.118 )

[node name="Item_Hedge118" parent="Assets/Items" instance=ExtResource( 13 )]
transform = Transform( 0.0474043, 0.00824032, 0.998842, -0.00122891, 0.999966, -0.00819127, -0.998875, -0.000839181, 0.0474128, -216.725, 191.644, -138.118 )

[node name="Item_Hedge119" parent="Assets/Items" instance=ExtResource( 13 )]
transform = Transform( 0.0474043, 0.00824032, 0.998842, -0.00122891, 0.999966, -0.00819127, -0.998875, -0.000839181, 0.0474128, -201.13, 207.22, -125.345 )

[node name="Item_Hedge120" parent="Assets/Items" instance=ExtResource( 13 )]
transform = Transform( 0.0474043, 0.00824032, 0.998842, -0.00122891, 0.999966, -0.00819127, -0.998875, -0.000839181, 0.0474128, -219.884, 210.469, -115.005 )

[node name="Item_Hedge94" parent="Assets/Items" instance=ExtResource( 13 )]
transform = Transform( 0.0474043, 0.00824032, 0.998842, -0.00122891, 0.999966, -0.00819127, -0.998875, -0.000839181, 0.0474128, -201.096, 137.21, -161.341 )

[node name="Item_Hedge95" parent="Assets/Items" instance=ExtResource( 13 )]
transform = Transform( 0.0474043, 0.00824032, 0.998842, -0.00122891, 0.999966, -0.00819127, -0.998875, -0.000839181, 0.0474128, -195.54, 137.21, -161.341 )

[node name="Item_Hedge96" parent="Assets/Items" instance=ExtResource( 13 )]
transform = Transform( 0.0474043, 0.00824032, 0.998842, -0.00122891, 0.999966, -0.00819127, -0.998875, -0.000839181, 0.0474128, -195.54, 143.303, -161.341 )

[node name="Item_Hedge97" parent="Assets/Items" instance=ExtResource( 13 )]
transform = Transform( 0.0474043, 0.00824032, 0.998842, -0.00122891, 0.999966, -0.00819127, -0.998875, -0.000839181, 0.0474128, -212.529, 143.303, -155.266 )

[node name="Item_Hedge98" parent="Assets/Items" instance=ExtResource( 13 )]
transform = Transform( 0.0948085, 0.0164806, 1.99768, -0.00245781, 1.99993, -0.0163825, -1.99775, -0.00167836, 0.0948255, -212.529, 173.179, -155.266 )

[node name="Item_Hedge99" parent="Assets/Items" instance=ExtResource( 13 )]
transform = Transform( 0.0948085, 0.0164806, 1.99768, -0.00245781, 1.99993, -0.0163825, -1.99775, -0.00167836, 0.0948255, -212.529, 150.831, -144.956 )

[node name="Item_Hedge100" parent="Assets/Items" instance=ExtResource( 13 )]
transform = Transform( 0.0474043, 0.00824032, 0.998842, -0.00122891, 0.999966, -0.00819127, -0.998875, -0.000839181, 0.0474128, -216.725, 143.303, -150.498 )

[node name="Item_Hedge101" parent="Assets/Items" instance=ExtResource( 13 )]
transform = Transform( 0.0474043, 0.00824032, 0.998842, -0.00122891, 0.999966, -0.00819127, -0.998875, -0.000839181, 0.0474128, -216.725, 143.303, -143.693 )

[node name="Item_Hedge102" parent="Assets/Items" instance=ExtResource( 13 )]
transform = Transform( 0.0474043, 0.00824032, 0.998842, -0.00122891, 0.999966, -0.00819127, -0.998875, -0.000839181, 0.0474128, -216.725, 135.424, -143.693 )

[node name="Item_Hedge103" parent="Assets/Items" instance=ExtResource( 13 )]
transform = Transform( 0.0349369, 0.00809199, 0.918934, -0.000905703, 0.981966, -0.00753597, -0.736171, -0.000824076, 0.0436197, -201.13, 137.21, -167.392 )

[node name="Item_Hedge104" parent="Assets/Items" instance=ExtResource( 13 )]
transform = Transform( 0.0349369, 0.00809199, 0.918934, -0.000905703, 0.981966, -0.00753597, -0.736171, -0.000824076, 0.0436197, -219.884, 140.46, -157.052 )

[node name="Item_Hedge105" parent="Assets/Items" instance=ExtResource( 13 )]
transform = Transform( 0.0349369, 0.00809199, 0.918934, -0.000905703, 0.981966, -0.00753597, -0.736171, -0.000824076, 0.0436197, -201.096, 137.21, -179.454 )

[node name="Item_Hedge106" parent="Assets/Items" instance=ExtResource( 13 )]
transform = Transform( 0.0349369, 0.00809199, 0.918934, -0.000905703, 0.981966, -0.00753597, -0.736171, -0.000824076, 0.0436197, -195.54, 137.21, -179.454 )

[node name="Item_Hedge107" parent="Assets/Items" instance=ExtResource( 13 )]
