[gd_scene load_steps=12 format=2]

[ext_resource path="res://MainMenu.tscn" type="PackedScene" id=1]
[ext_resource path="res://Assets_1.tscn" type="PackedScene" id=2]
[ext_resource path="res://Audio/Music/music_layer2_v01.ogg" type="AudioStream" id=4]
[ext_resource path="res://Audio/Music/music_layer1_v03.ogg" type="AudioStream" id=5]
[ext_resource path="res://Spielwelt.gd" type="Script" id=6]
[ext_resource path="res://MusicManager.gd" type="Script" id=7]
[ext_resource path="res://Spawner.gd" type="Script" id=11]
[ext_resource path="res://PauseMenue.tscn" type="PackedScene" id=14]
[ext_resource path="res://GameOverMenue.tscn" type="PackedScene" id=15]

[sub_resource type="Animation" id=1]
resource_name = "FadeInLayer2"
length = 60.0
step = 1.0
tracks/0/type = "value"
tracks/0/path = NodePath("MusicLayer2:volume_db")
tracks/0/interp = 1
tracks/0/loop_wrap = true
tracks/0/imported = false
tracks/0/enabled = true
tracks/0/keys = {
"times": PoolRealArray( 0, 60 ),
"transitions": PoolRealArray( 1, 1 ),
"update": 0,
"values": [ -80.0, -7.0 ]
}

[sub_resource type="Animation" id=2]
length = 0.001
tracks/0/type = "value"
tracks/0/path = NodePath("MusicLayer2:volume_db")
tracks/0/interp = 1
tracks/0/loop_wrap = true
tracks/0/imported = false
tracks/0/enabled = true
tracks/0/keys = {
"times": PoolRealArray( 0 ),
"transitions": PoolRealArray( 1 ),
"update": 0,
"values": [ -80.0 ]
}

[node name="Spielwelt" type="Spatial"]
script = ExtResource( 6 )
bg_colour_final = Color( 0.376471, 0.564706, 0.25098, 1 )

[node name="Assets" parent="." instance=ExtResource( 2 )]

[node name="AllWecker" type="Node" parent="."]

[node name="Other" type="Node" parent="."]

[node name="UI" type="Node" parent="Other"]

[node name="MainMenu" parent="Other/UI" instance=ExtResource( 1 )]

[node name="MenueCamera" type="InterpolatedCamera" parent="Other/UI"]
pause_mode = 2
transform = Transform( 0.709381, -0.359438, 0.606286, -0.0303318, 0.843828, 0.535756, -0.704172, -0.398445, 0.587693, 191.981, 85.6225, 431.572 )
far = 1000.0
target = NodePath("../CameraTarget")
speed = 0.01
enabled = true

[node name="CameraTarget" type="Spatial" parent="Other/UI"]
transform = Transform( -0.294224, 0, 0.955737, 0, 1, 0, -0.955737, 0, -0.294224, -366.598, 92.453, -237.967 )

[node name="PauseMenue" parent="Other/UI" instance=ExtResource( 14 )]
visible = false

[node name="GameOverMenue" parent="Other/UI" instance=ExtResource( 15 )]
visible = false

[node name="Spawner" type="Node" parent="Other"]
script = ExtResource( 11 )

[node name="SpawnTimer" type="Timer" parent="Other/Spawner"]

[node name="SpawnLocations" type="Node" parent="Other/Spawner"]

[node name="SpawnLocation1" type="Position3D" parent="Other/Spawner/SpawnLocations"]
transform = Transform( 1, 0, 0, 0, 1, 0, 0, 0, 1, -14.4798, -6.91779, 124.526 )

[node name="SpawnLocation21" type="Position3D" parent="Other/Spawner/SpawnLocations"]
transform = Transform( 1, 0, 0, 0, 1, 0, 0, 0, 1, -40.3473, 78.5781, -19.6651 )

[node name="SpawnLocation17" type="Position3D" parent="Other/Spawner/SpawnLocations"]
transform = Transform( 1, 0, 0, 0, 1, 0, 0, 0, 1, 73.7295, 17.2714, -175.764 )

[node name="SpawnLocation18" type="Position3D" parent="Other/Spawner/SpawnLocations"]
transform = Transform( 1, 0, 0, 0, 1, 0, 0, 0, 1, 92.2362, -8.41059, -337.719 )

[node name="SpawnLocation16" type="Position3D" parent="Other/Spawner/SpawnLocations"]
transform = Transform( 1, 0, 0, 0, 1, 0, 0, 0, 1, -210.17, 45.2679, -331.525 )

[node name="SpawnLocation15" type="Position3D" parent="Other/Spawner/SpawnLocations"]
transform = Transform( 1, 0, 0, 0, 1, 0, 0, 0, 1, 53.2514, -9.11551, 284.614 )

[node name="SpawnLocation13" type="Position3D" parent="Other/Spawner/SpawnLocations"]
transform = Transform( 0.200394, 0, 0.979715, 0, 1, 0, -0.979715, 0, 0.200394, -13.9485, 61.9468, 146.733 )

[node name="SpawnLocation2" type="Position3D" parent="Other/Spawner/SpawnLocations"]
transform = Transform( 1, 0, 0, 0, 1, 0, 0, 0, 1, -52.3363, -7.61862, 19.4343 )

[node name="SpawnLocation3" type="Position3D" parent="Other/Spawner/SpawnLocations"]
transform = Transform( 1, 0, 0, 0, 1, 0, 0, 0, 1, 132.488, -1.54926, 13.7908 )

[node name="SpawnLocation20" type="Position3D" parent="Other/Spawner/SpawnLocations"]
transform = Transform( 1, 0, 0, 0, 1, 0, 0, 0, 1, 245.779, 25.8218, 147.543 )

[node name="SpawnLocation10" type="Position3D" parent="Other/Spawner/SpawnLocations"]
transform = Transform( 1, 0, 0, 0, 1, 0, 0, 0, 1, 69.814, 7.86804, 391.725 )

[node name="SpawnLocation11" type="Position3D" parent="Other/Spawner/SpawnLocations"]
transform = Transform( 1, 0, 0, 0, 1, 0, 0, 0, 1, -95.286, -6.67417, 331.201 )

[node name="SpawnLocation12" type="Position3D" parent="Other/Spawner/SpawnLocations"]
transform = Transform( 1, 0, 0, 0, 1, 0, 0, 0, 1, -385.773, -0.89286, 175.893 )

[node name="SpawnLocation27" type="Position3D" parent="Other/Spawner/SpawnLocations"]
transform = Transform( 1, 0, 0, 0, 1, 0, 0, 0, 1, -356.614, -0.547169, -95.1174 )

[node name="SpawnLocation4" type="Position3D" parent="Other/Spawner/SpawnLocations"]
transform = Transform( 1, 0, 0, 0, 1, 0, 0, 0, 1, 203.757, 8.20853, 327.181 )

[node name="SpawnLocation5" type="Position3D" parent="Other/Spawner/SpawnLocations"]
transform = Transform( 1, 0, 0, 0, 0.999528, 0.030713, 0, -0.030713, 0.999528, -182.975, -4.15159, 331.302 )

[node name="SpawnLocation19" type="Position3D" parent="Other/Spawner/SpawnLocations"]
transform = Transform( 1, 0, 0, 0, 1, 0, 0, 0, 1, -258.591, 28.8895, 145.034 )

[node name="SpawnLocation6" type="Position3D" parent="Other/Spawner/SpawnLocations"]
transform = Transform( 1, 0, 0, 0, 1, 0, 0, 0, 1, -323.888, 5.8218, 308.174 )

[node name="SpawnLocation7" type="Position3D" parent="Other/Spawner/SpawnLocations"]
transform = Transform( 1, 0, 0, 0, 1, 0, 0, 0, 1, -222.434, 35.6764, 25.7838 )

[node name="SpawnLocation8" type="Position3D" parent="Other/Spawner/SpawnLocations"]
transform = Transform( 1, 0, 0, 0, 1, 0, 0, 0, 1, -263.219, -8.00296, -232.307 )

[node name="SpawnLocation9" type="Position3D" parent="Other/Spawner/SpawnLocations"]
transform = Transform( 1, 0, 0, 0, 1, 0, 0, 0, 1, 16.2846, -7.14807, -324.311 )

[node name="SpawnLocation14" type="Position3D" parent="Other/Spawner/SpawnLocations"]
transform = Transform( 0.731199, 0, 0.682164, 0, 1, 0, -0.682164, 0, 0.731199, -207.858, 45.2673, -327.178 )

[node name="SpawnLocation22" type="Position3D" parent="Other/Spawner/SpawnLocations"]
transform = Transform( 0.731199, 0, 0.682164, 0, 1, 0, -0.682164, 0, 0.731199, 345.222, -1.89614, -159.805 )

[node name="SpawnLocation23" type="Position3D" parent="Other/Spawner/SpawnLocations"]
transform = Transform( 0.731199, 0, 0.682164, 0, 1, 0, -0.682164, 0, 0.731199, 360.814, 9.97497, 101.283 )

[node name="SpawnLocation24" type="Position3D" parent="Other/Spawner/SpawnLocations"]
transform = Transform( 0.731199, 0, 0.682164, 0, 1, 0, -0.682164, 0, 0.731199, 269.404, 19.7475, 261.402 )

[node name="SpawnLocation26" type="Position3D" parent="Other/Spawner/SpawnLocations"]
transform = Transform( 0.731199, 0, 0.682164, 0, 1, 0, -0.682164, 0, 0.731199, -398.496, -0.489548, 214.521 )

[node name="SpawnLocation25" type="Position3D" parent="Other/Spawner/SpawnLocations"]
transform = Transform( 0.731199, 0, 0.682164, 0, 1, 0, -0.682164, 0, 0.731199, -212.867, 39.4465, -56.0335 )

[node name="MusicManager" type="Node" parent="."]
script = ExtResource( 7 )

[node name="MusicLayer1" type="AudioStreamPlayer" parent="MusicManager"]
stream = ExtResource( 5 )
autoplay = true
bus = "Music"

[node name="MusicLayer2" type="AudioStreamPlayer" parent="MusicManager"]
stream = ExtResource( 4 )
volume_db = -80.0
bus = "Music"

[node name="AnimationPlayer" type="AnimationPlayer" parent="MusicManager"]
anims/FadeInLayer2 = SubResource( 1 )
anims/RESET = SubResource( 2 )

[connection signal="timeout" from="Other/Spawner/SpawnTimer" to="Other/Spawner" method="_on_SpawnTimer_timeout"]
